       1500.0000   -0.0694440
       1499.8000   -0.0725060
       1499.6001   -0.0369840
       1499.4000  -0.00154100
       1499.2000    0.0138730
       1499.0000   -0.0169510
       1498.8000   -0.0492870
       1498.6000   -0.0184950
       1498.4000    0.0508750
       1498.2001   -0.0154280
       1498.0000   -0.0354840
       1497.8000    0.0646790
       1497.6000     0.116987
       1497.4000    0.0832640
       1497.2000   -0.0678990
       1497.0000   -0.0832780
       1496.7999   -0.0169800
       1496.6000    0.0478250
       1496.4000    0.0646680
       1496.2000      0.00000
       1496.0001   -0.0509230
       1495.8000   -0.0662550
       1495.6000    0.0184690
       1495.4000    0.0845710
       1495.2000      0.00000
       1495.0000    -0.103165
       1494.8000   -0.0215430
       1494.6001    0.0660530
       1494.4000    0.0860000
       1494.2000    0.0338120
       1494.0000   -0.0184620
       1493.8000    0.0153950
       1493.6000    0.0493050
       1493.4000     0.130868
       1493.1999    0.0646380
       1493.0000   -0.0184750
       1492.8000   -0.0200460
       1492.6000  -0.00463000
       1492.4001  -0.00308800
       1492.2000   -0.0323990
       1492.0000   -0.0153910
       1491.8000   -0.0153900
       1491.6000   -0.0986720
       1491.4000   -0.0184930
       1491.2000    0.0786570
       1491.0001   -0.0169950
       1490.8000   -0.0462380
       1490.6000  -0.00153800
       1490.4000    0.0107730
       1490.2000    0.0307220
       1490.0000    0.0307130
       1489.8000   -0.0507650
       1489.5999   -0.0338120
       1489.4000    0.0461400
       1489.2000    0.0968570
       1489.0000    0.0814970
       1488.8000   0.00154000
       1488.6000   -0.0169450
       1488.4000    0.0107870
       1488.1999  -0.00617100
       1488.0000   -0.0386150
       1487.8000    0.0663690
       1487.6000    0.0539400
       1487.4001    0.0154020
       1487.2000    0.0446600
       1487.0000    0.0615630
       1486.8000    0.0615600
       1486.6000    0.0123260
       1486.4000   -0.0200390
       1486.2000   -0.0493320
       1485.9999   0.00461800
       1485.8000    0.0676710
       1485.6000    0.0292490
       1485.4000  -0.00462300
       1485.2000   -0.0339230
       1485.0000   -0.0169480
       1484.8000  -0.00462500
       1484.5999  -0.00617400
       1484.4000    0.0771040
       1484.2000    0.0277440
       1484.0000   -0.0539910
       1483.8001   -0.0708430
       1483.6000   -0.0538560
       1483.4000   -0.0200590
       1483.2000    0.0447330
       1483.0000    0.0169180
       1482.8000    0.0153920
       1482.6000    0.0492970
       1482.3999    0.0661170
       1482.2000    0.0615680
       1482.0000   -0.0200110
       1481.8000  -0.00307500
       1481.6000    0.0954780
       1481.4000     0.112403
       1481.2000     0.113741
       1480.9999    0.0845630
       1480.8000   -0.0461630
       1480.6000   -0.0968940
       1480.4000   -0.0677500
       1480.2001   -0.0678160
       1480.0000   -0.0631860
       1479.8000   -0.0462210
       1479.6000   -0.0169230
       1479.4000    0.0968070
       1479.2000    0.0844870
       1479.0000   -0.0630880
       1478.8001    -0.118581
       1478.6000   -0.0707470
       1478.4000    0.0615100
       1478.2000    0.0954160
       1478.0000   0.00153800
       1477.8000    0.0507520
       1477.6000    0.0354160
       1477.3999    0.0153840
       1477.2000    0.0138730
       1477.0000   -0.0324400
       1476.8000  -0.00154300
       1476.6001  -0.00154200
       1476.4000     0.113881
       1476.2000    0.0952360
       1476.0000  -0.00307500
       1475.8000    0.0784300
       1475.6000    0.0445470
       1475.4000  -0.00307300
       1475.2001   -0.0153510
       1475.0000   -0.0814160
       1474.8000   -0.0199810
       1474.6000   0.00153600
       1474.4000    0.0184560
       1474.2000     0.124714
       1474.0000     0.107739
       1473.7999    0.0447150
       1473.6000    0.0601310
       1473.4000    0.0431240
       1473.2000  -0.00462200
       1473.0000    0.0292470
       1472.8000   -0.0492410
       1472.6000    0.0645770
       1472.4000     0.156776
       1472.2000    0.0169200
       1472.0000    0.0169200
       1471.8000   -0.0476530
       1471.6001   -0.0661110
       1471.4000  -0.00615700
       1471.2000  -0.00615200
       1471.0000   -0.0830320
       1470.8000   -0.0831410
       1470.6000  -0.00153900
       1470.4000   -0.0153710
       1470.1999    0.0460400
       1470.0000    0.0491490
       1469.8000   -0.0476550
       1469.6000    0.0138420
       1469.4000     0.113859
       1469.2000     0.116742
       1469.0000    0.0798490
       1468.7999    0.0153900
       1468.6000    0.0476930
       1468.4000    0.0430540
       1468.2000   -0.0185010
       1468.0001   -0.0462840
       1467.8000   -0.0956420
       1467.6000   -0.0679330
       1467.4000  -0.00308100
       1467.2000    0.0446170
       1467.0000    0.0476770
       1466.8000    0.0307720
       1466.5999    0.0277140
       1466.4000    0.0277300
       1466.2000  -0.00308100
       1466.0000    0.0292310
       1465.8000    0.0461520
       1465.6000   -0.0477190
       1465.4000    0.0123210
       1465.1999    0.0277270
       1465.0000   -0.0339300
       1464.8000    0.0462730
       1464.6000    0.0616390
       1464.4001   -0.0323720
       1464.2000    0.0647140
       1464.0000     0.187505
       1463.8000    0.0907360
       1463.6000    0.0277300
       1463.4000    0.0585300
       1463.2000    0.0739300
       1463.0001    0.0738400
       1462.8000    0.0292270
       1462.6000   -0.0138470
       1462.4000    0.0322640
       1462.2000    0.0276670
       1462.0000  -0.00153800
       1461.8000   -0.0446000
       1461.5999   -0.0770140
       1461.4000   -0.0292600
       1461.2000   -0.0123150
       1461.0000    0.0462290
       1460.8001    0.0338740
       1460.6000   -0.0138480
       1460.4000  -0.00308300
       1460.2000    0.0123260
       1460.0000    0.0307600
       1459.8000   -0.0138570
       1459.6000   -0.0446840
       1459.4001   -0.0307990
       1459.2000    0.0292890
       1459.0000    0.0739760
       1458.8000    0.0723380
       1458.6000    0.0292970
       1458.4000   -0.0323860
       1458.2000   -0.0184750
       1457.9999    0.0138670
       1457.8000   -0.0138830
       1457.6000   -0.0462650
       1457.4000   -0.0154040
       1457.2001    0.0909750
       1457.0000    0.0879260
       1456.8000     0.103088
       1456.6000    0.0907390
       1456.4000    0.0752880
       1456.2000    0.0614900
       1456.0000   -0.0446570
       1455.8001   -0.0493060
       1455.6000   -0.0354610
       1455.4000    0.0107800
       1455.2000      0.00000
       1455.0000   -0.0415270
       1454.8000   -0.0138550
       1454.6000   -0.0138560
       1454.3999   0.00307900
       1454.2000    0.0446390
       1454.0000    0.0276980
       1453.8000    0.0415570
       1453.6000     0.103062
       1453.4000    0.0614630
       1453.2000   -0.0153910
       1452.9999   -0.0446390
       1452.8000   -0.0153760
       1452.6000    0.0276710
       1452.4000   -0.0461360
       1452.2001   -0.0769100
       1452.0000    0.0568430
       1451.8000    0.0874840
       1451.6000    0.0291740
       1451.4000   -0.0138400
       1451.2000    0.0445680
       1451.0000    0.0722160
       1450.7999    0.0415190
       1450.6000    0.0707140
       1450.4000    0.0107520
       1450.2000    0.0107520
       1450.0000    0.0107730
       1449.8000   -0.0169420
       1449.6000    0.0599810
       1449.3999    0.0323270
       1449.2000      0.00000
       1449.0000   -0.0307190
       1448.8000   -0.0738480
       1448.6001   0.00307600
       1448.4000    0.0905750
       1448.2000    0.0538360
       1448.0000   -0.0215290
       1447.8000   0.00922300
       1447.6000   -0.0169390
       1447.4000    0.0399650
       1447.1999    0.0675320
       1447.0000  -0.00153800
       1446.8000    0.0138510
       1446.6000    0.0568590
       1446.4000    0.0691810
       1446.2000    0.0261680
       1446.0000    0.0261730
       1445.7999    0.0569300
       1445.6000    0.0430480
       1445.4000    0.0399720
       1445.2000   -0.0154050
       1445.0001    -0.100288
       1444.8000   -0.0740400
       1444.6000    0.0554270
       1444.4000     0.101552
       1444.2000    0.0692130
       1444.0000    0.0844860
       1443.8000    0.0692340
       1443.6001    0.0138530
       1443.4000    0.0430280
       1443.2000     0.127448
       1443.0000    0.0996280
       1442.8000    0.0138010
       1442.6000    0.0138150
       1442.4000      0.00000
       1442.1999    0.0276970
       1442.0000    0.0969340
       1441.8000   0.00922900
       1441.6000   -0.0908110
       1441.4001    0.0261540
       1441.2000    0.0814770
       1441.0000   -0.0184790
       1440.8000   -0.0308510
       1440.6000  -0.00154200
       1440.4000    0.0847980
       1440.2000    0.0971980
       1440.0001    0.0385660
       1439.8000    0.0554380
       1439.6000    0.0831130
       1439.4000    0.0415620
       1439.2000    0.0277420
       1439.0000    0.0262070
       1438.8000    0.0123140
       1438.5999    0.0123110
       1438.4000  -0.00307900
       1438.2000   -0.0169320
       1438.0000  -0.00307900
       1437.8000    0.0246350
       1437.6000   -0.0138550
       1437.4000   -0.0153950
       1437.2000    0.0107690
       1437.0000    0.0537190
       1436.8000    0.0813250
       1436.6000    0.0874660
       1436.4001    0.0858120
       1436.2000    0.0399110
       1436.0000    0.0107860
       1435.8000    0.0369310
       1435.6000    0.0966380
       1435.4000    0.0414560
       1435.2000      0.00000
       1434.9999    0.0306720
       1434.8000    0.0430290
       1434.6000    0.0122970
       1434.4000   -0.0415610
       1434.2000  -0.00154200
       1434.0000  -0.00154000
       1433.8000      0.00000
       1433.5999   -0.0138730
       1433.4000   -0.0416040
       1433.2000   -0.0292170
       1433.0000    0.0123280
       1432.8001    0.0370380
       1432.6000  -0.00462700
       1432.4000   -0.0153970
       1432.2000    0.0122970
       1432.0000    0.0398790
       1431.8000    0.0552070
       1431.6000    0.0690620
       1431.3999    0.0675460
       1431.2000    0.0538000
       1431.0000      0.00000
       1430.8000    0.0291540
       1430.6000    0.0553370
       1430.4000   -0.0138460
       1430.2000   -0.0169220
       1429.9999  -0.00154100
       1429.8000     0.112494
       1429.6000     0.152509
       1429.4000    0.0354610
       1429.2001   -0.0169700
       1429.0000   -0.0277470
       1428.8000    0.0523360
       1428.6000     0.135334
       1428.4000    0.0292000
       1428.2000   -0.0677290
       1428.0000    0.0277270
       1427.8001    0.0123320
       1427.6000   -0.0138690
       1427.4000     0.110760
       1427.2000    0.0246320
       1427.0000   -0.0430780
       1426.8000    0.0538420
       1426.6000    0.0400250
       1426.3999    0.0400010
       1426.2000    0.0399850
       1426.0000    0.0138480
       1425.8000  -0.00153700
       1425.6001    0.0828320
       1425.4000     0.150340
       1425.2000    0.0798120
       1425.0000    0.0230520
       1424.8000    0.0123040
       1424.6000    0.0829880
       1424.4000     0.136750
       1424.2001    0.0291790
       1424.0000   -0.0830280
       1423.8000   -0.0307800
       1423.6000    0.0523040
       1423.4000    0.0399980
       1423.2000    0.0677320
       1423.0000    0.0523640
       1422.7999    0.0123160
       1422.6000    0.0123210
       1422.4000    0.0138730
       1422.2000    0.0817480
       1422.0001     0.108180
       1421.8000    0.0664660
       1421.6000    0.0247060
       1421.4000  -0.00154200
       1421.2000    0.0261480
       1421.0000      0.00000
       1420.8000   -0.0400090
       1420.6001      0.00000
       1420.4000     0.113600
       1420.2000    0.0876090
       1420.0000   -0.0277340
       1419.8000    0.0123120
       1419.6000    0.0538480
       1419.4000    0.0677210
       1419.1999    0.0831270
       1419.0000    0.0169250
       1418.8000    0.0168880
       1418.6000    0.0153620
       1418.4000   -0.0153710
       1418.2000   -0.0292310
       1418.0000      0.00000
       1417.7999    0.0415480
       1417.6000      0.00000
       1417.4000    0.0415940
       1417.2000    0.0539450
       1417.0001    0.0400860
       1416.8000    0.0431370
       1416.6000    0.0277000
       1416.4000    0.0107680
       1416.2000   -0.0169170
       1416.0000   -0.0184880
       1415.8000   -0.0185080
       1415.5999   -0.0416650
       1415.4000   -0.0292850
       1415.2000   -0.0323500
       1415.0000   -0.0738510
       1414.8000   -0.0476390
       1414.6000    0.0537820
       1414.4000    0.0429660
       1414.1999      0.00000
       1414.0000    0.0872460
       1413.8000     0.148330
       1413.6000    0.0720060
       1413.4001   -0.0291270
       1413.2000   -0.0169060
       1413.0000     0.129504
       1412.8000     0.146597
       1412.6000    0.0277840
       1412.4000   -0.0138980
       1412.2000      0.00000
       1411.9999    0.0555820
       1411.8000    0.0446450
       1411.6000    0.0307420
       1411.4000    0.0414750
       1411.2000    0.0414440
       1411.0000    0.0414920
       1410.8000    0.0276430
       1410.5999    0.0261070
       1410.4000  -0.00153900
       1410.2000    0.0553830
       1410.0000    0.0553280
       1409.8001  -0.00153800
       1409.6000    0.0261470
       1409.4000   -0.0168840
       1409.2000   -0.0506540
       1409.0000   0.00920000
       1408.8000   -0.0137820
       1408.6000   0.00153500
       1408.4001   -0.0292240
       1408.2000    -0.104899
       1408.0000   -0.0294150
       1407.8000    0.0123900
       1407.6000    0.0557240
       1407.4000    0.0294250
       1407.2000   -0.0294310
       1406.9999    0.0401400
       1406.8000    0.0677790
       1406.6000     0.113896
       1406.4000    0.0845630
       1406.2001   -0.0215340
       1406.0000    0.0107750
       1405.8000    0.0277310
       1405.6000    0.0123470
       1405.4000    0.0123580
       1405.2000    0.0415960
       1405.0000  -0.00153500
       1404.8001   -0.0751110
       1404.6000   -0.0641930
       1404.4000   -0.0182990
       1404.2000      0.00000
       1404.0000    0.0320470
       1403.8000    0.0443870
       1403.6000     0.100029
       1403.3999    0.0848510
       1403.2000    0.0247720
       1403.0000    0.0389010
       1402.8000  -0.00465600
       1402.6000  -0.00309700
       1402.4000    0.0262810
       1402.2000    0.0123420
       1402.0000   -0.0447090
       1401.8000    0.0261390
       1401.6000    0.0690690
       1401.4000    0.0122790
       1401.2001    0.0537020
       1401.0000    0.0535850
       1400.8000  -0.00306500
       1400.6000   -0.0582770
       1400.4000   -0.0399850
       1400.2000   0.00153800
       1400.0000   -0.0138170
       1399.7999   -0.0461590
       1399.6000    0.0430090
       1399.4000  -0.00153600
       1399.2000    -0.107966
       1399.0000    0.0278060
       1398.8000     0.131361
       1398.6000     0.131282
       1398.3999    0.0707240
       1398.2000      0.00000
       1398.0000   -0.0139260
       1397.8000    0.0138760
       1397.6001    0.0971820
       1397.4000     0.154097
       1397.2000    0.0998260
       1397.0000    0.0275900
       1396.8000   -0.0306490
       1396.6000    0.0244970
       1396.4000    0.0705260
       1396.1999   -0.0414720
       1396.0000   -0.0582910
       1395.8000    0.0430020
       1395.6000    0.0430970
       1395.4000    0.0138960
       1395.2000   -0.0154160
       1395.0000   -0.0739900
       1394.7999   -0.0154390
       1394.6000    0.0123570
       1394.4000    0.0123620
       1394.2000    0.0585910
       1394.0001   -0.0154560
       1393.8000   -0.0757310
       1393.6000   -0.0463840
       1393.4000   -0.0186120
       1393.2000    0.0248080
       1393.0000    0.0263450
       1392.8000    0.0386520
       1392.6001    0.0678620
       1392.4000     0.112240
       1392.2000    0.0857910
       1392.0000   -0.0106800
       1391.8000    0.0197990
       1391.6000    0.0137180
       1391.4000   -0.0183170
       1391.1999     0.120767
       1391.0000     0.150479
       1390.8000   -0.0169310
       1390.6000   -0.0629310
       1390.4001    0.0369940
       1390.2000    0.0556910
       1390.0000    0.0416820
       1389.8000    0.0677590
       1389.6000    0.0245870
       1389.4000    0.0521650
       1389.2000    0.0965570
       1389.0001    0.0674520
       1388.8000    0.0399680
       1388.6000    0.0400540
       1388.4000    0.0261370
       1388.2000    0.0722320
       1388.0000    0.0874240
       1387.8000    0.0275680
       1387.5999    0.0153800
       1387.4000   0.00153900
       1387.2000    0.0600460
       1387.0000    0.0447880
       1386.8001    0.0896440
       1386.6000     0.194723
       1386.4000     0.165605
       1386.2000     0.119245
       1386.0000     0.101946
       1385.8000     0.144592
       1385.6000     0.144206
       1385.4001    0.0827850
       1385.2000     0.113128
       1385.0000     0.145175
       1384.8000    0.0443350
       1384.6000   -0.0168730
       1384.4000    0.0877280
       1384.2000    0.0877010
       1383.9999    0.0293300
       1383.8000     0.139173
       1383.6000     0.165545
       1383.4000    0.0882490
       1383.2000    0.0897030
       1383.0000     0.106515
       1382.8000    0.0278540
       1382.5999    0.0292520
       1382.4000   0.00919600
       1382.2000    0.0428310
       1382.0000     0.112833
       1381.8001     0.172405
       1381.6000     0.154648
       1381.4000  -0.00462400
       1381.2000    0.0293140
       1381.0000    0.0802780
       1380.8000    0.0602450
       1380.6000     0.109294
       1380.3999    0.0980410
       1380.2000    0.0642070
       1380.0000     0.128268
       1379.8000     0.232111
       1379.6000     0.199485
       1379.4000     0.146955
       1379.2000     0.128915
       1378.9999     0.124291
       1378.8000    0.0888460
       1378.6000    0.0717470
       1378.4000     0.118139
       1378.2001    0.0449030
       1378.0000    0.0463050
       1377.8000     0.120114
       1377.6000     0.167574
       1377.4000     0.120116
       1377.2000    0.0709200
       1377.0000     0.118721
       1376.7999     0.151194
       1376.6000     0.103188
       1376.4000     0.104526
       1376.2000     0.165860
       1376.0000     0.164256
       1375.8000     0.197716
       1375.6000     0.154801
       1375.3999     0.118324
       1375.2000     0.150678
       1375.0000     0.133813
       1374.8000     0.130724
       1374.6001     0.210188
       1374.4000     0.227068
       1374.2000     0.104493
       1374.0000    0.0107570
       1373.8000    0.0737520
       1373.6000     0.169077
       1373.4000    0.0738380
       1373.2001     0.133921
       1373.0000     0.212336
       1372.8000     0.152261
       1372.6000     0.198487
       1372.4000     0.198397
       1372.2000     0.186153
       1372.0000     0.201580
       1371.7999     0.215261
       1371.6000     0.183044
       1371.4000     0.104658
       1371.2000     0.187528
       1371.0001     0.287169
       1370.8000     0.254731
       1370.6000     0.139898
       1370.4000    0.0599850
       1370.2000     0.130629
       1370.0000     0.266314
       1369.8000     0.281690
       1369.6001     0.212588
       1369.4000     0.177530
       1369.2000     0.194911
       1369.0000     0.193497
       1368.8000     0.193331
       1368.6000     0.174214
       1368.4000     0.121449
       1368.1999     0.176352
       1368.0000     0.177361
       1367.8000     0.212046
       1367.6000     0.338729
       1367.4001     0.375757
       1367.2000     0.200280
       1367.0000    0.0583810
       1366.8000     0.213815
       1366.6000     0.318915
       1366.4000     0.351844
       1366.2000     0.412229
       1366.0001     0.328614
       1365.8000     0.343941
       1365.6000     0.370815
       1365.4000     0.301844
       1365.2000     0.303250
       1365.0000     0.270339
       1364.8000     0.325395
       1364.5999     0.397605
       1364.4000     0.313245
       1364.2000     0.298648
       1364.0000     0.321672
       1363.8000     0.271947
       1363.6000     0.301773
       1363.4000     0.265466
       1363.1999     0.212614
       1363.0000     0.296413
       1362.8000     0.324080
       1362.6000     0.318025
       1362.4001     0.347476
       1362.2000     0.344196
       1362.0000     0.346284
       1361.8000     0.336201
       1361.6000     0.393816
       1361.4000     0.310532
       1361.2000     0.317407
       1360.9999     0.374324
       1360.8000     0.322647
       1360.6000     0.394331
       1360.4000     0.428184
       1360.2000     0.372697
       1360.0000     0.314461
       1359.8000     0.423607
       1359.5999     0.499369
       1359.4000     0.425767
       1359.2000     0.311436
       1359.0000     0.282358
       1358.8001     0.393544
       1358.6000     0.487644
       1358.4000     0.536303
       1358.2000     0.549469
       1358.0000     0.432911
       1357.8000     0.383314
       1357.6000     0.442804
       1357.3999     0.426430
       1357.2000     0.392197
       1357.0000     0.360843
       1356.8000     0.343722
       1356.6000     0.498560
       1356.4000     0.639420
       1356.2000     0.591239
       1355.9999     0.498902
       1355.8000     0.484634
       1355.6000     0.467845
       1355.4000     0.467838
       1355.2001     0.516290
       1355.0000     0.529692
       1354.8000     0.563521
       1354.6000     0.583118
       1354.4000     0.599079
       1354.2000     0.567791
       1354.0000     0.538187
       1353.8001     0.552994
       1353.6000     0.611649
       1353.4000     0.636732
       1353.2000     0.706116
       1353.0000     0.746919
       1352.8000     0.727278
       1352.6000     0.708885
       1352.3999     0.690182
       1352.2000     0.718401
       1352.0000     0.671842
       1351.8000     0.655249
       1351.6001     0.697468
       1351.4000     0.770249
       1351.2000     0.810228
       1351.0000     0.808018
       1350.8000     0.776977
       1350.6000     0.778387
       1350.4000     0.877048
       1350.2001     0.916034
       1350.0000     0.883905
       1349.8000     0.895855
       1349.6000     0.927544
       1349.4000     0.937155
       1349.2000     0.976209
       1349.0000      1.00334
       1348.7999      1.04669
       1348.6000      1.14513
       1348.4000      1.14327
       1348.2000      1.12797
       1348.0000      1.15582
       1347.8000      1.19633
       1347.6000      1.19807
       1347.4000      1.24207
       1347.2000      1.28347
       1347.0000      1.25941
       1346.8000      1.33048
       1346.6001      1.38209
       1346.4000      1.42226
       1346.2000      1.44600
       1346.0000      1.49416
       1345.8000      1.60554
       1345.6000      1.60054
       1345.4000      1.59299
       1345.1999      1.62012
       1345.0000      1.61708
       1344.8000      1.75242
       1344.6000      1.88963
       1344.4000      1.91708
       1344.2000      1.95915
       1344.0000      2.02911
       1343.7999      2.08509
       1343.6000      2.19630
       1343.4000      2.20801
       1343.2000      2.17840
       1343.0001      2.30541
       1342.8000      2.38462
       1342.6000      2.43707
       1342.4000      2.58581
       1342.2000      2.62969
       1342.0000      2.65735
       1341.8000      2.86872
       1341.5999      2.97219
       1341.4000      3.01674
       1341.2000      3.15594
       1341.0000      3.27130
       1340.8000      3.37927
       1340.6000      3.48687
       1340.4000      3.66236
       1340.1999      3.82320
       1340.0000      3.85455
       1339.8000      3.94410
       1339.6000      4.14462
       1339.4001      4.33435
       1339.2000      4.53621
       1339.0000      4.67642
       1338.8000      4.87555
       1338.6000      5.11276
       1338.4000      5.25558
       1338.2000      5.50247
       1338.0001      5.67251
       1337.8000      5.89555
       1337.6000      6.17860
       1337.4000      6.38772
       1337.2000      6.67024
       1337.0000      6.94598
       1336.8000      7.21236
       1336.5999      7.45535
       1336.4000      7.76551
       1336.2000      8.14532
       1336.0000      8.28014
       1335.8001      8.55923
       1335.6000      9.12243
       1335.4000      9.47733
       1335.2000      9.85753
       1335.0000      10.3837
       1334.8000      10.8343
       1334.6000      11.2947
       1334.4001      11.8147
       1334.2000      12.2593
       1334.0000      12.7358
       1333.8000      13.4145
       1333.6000      14.0320
       1333.4000      14.6197
       1333.2000      15.3587
       1332.9999      15.9748
       1332.8000      16.7203
       1332.6000      17.5528
       1332.4000      18.2704
       1332.2001      19.1228
       1332.0000      20.0136
       1331.8000      20.8581
       1331.6000      21.8514
       1331.4000      22.9322
       1331.2000      23.8996
       1331.0000      24.9609
       1330.8001      26.3486
       1330.6000      27.4802
       1330.4000      28.4954
       1330.2000      29.9006
       1330.0000      31.0860
       1329.8000      32.4690
       1329.6000      34.1527
       1329.3999      35.3852
       1329.2000      36.8782
       1329.0000      38.5848
       1328.8000      40.0825
       1328.6000      41.8871
       1328.4000      43.6789
       1328.2000      45.2663
       1327.9999      46.8159
       1327.8000      48.6397
       1327.6000      50.5991
       1327.4000      52.3869
       1327.2001      54.3777
       1327.0000      56.1090
       1326.8000      57.9180
       1326.6000      60.0329
       1326.4000      61.6274
       1326.2000      63.1387
       1326.0000      64.8447
       1325.7999      66.6387
       1325.6000      68.5237
       1325.4000      70.1279
       1325.2000      71.8288
       1325.0000      73.4425
       1324.8000      74.7548
       1324.6000      76.4262
       1324.3999      77.7435
       1324.2000      78.6793
       1324.0000      79.9244
       1323.8000      81.2566
       1323.6001      82.3458
       1323.4000      83.2961
       1323.2000      84.2122
       1323.0000      84.9135
       1322.8000      85.6119
       1322.6000      86.5422
       1322.4000      87.0822
       1322.1999      87.5140
       1322.0000      87.9649
       1321.8000      88.2193
       1321.6000      88.5453
       1321.4000      88.9591
       1321.2000      89.1777
       1321.0000      89.3304
       1320.7999      89.5986
       1320.6000      89.5822
       1320.4000      89.5271
       1320.2000      89.5030
       1320.0001      89.3993
       1319.8000      89.2558
       1319.6000      89.3740
       1319.4000      89.1305
       1319.2000      88.8254
       1319.0000      88.8232
       1318.8000      88.6060
       1318.6001      88.2548
       1318.4000      88.1804
       1318.2000      88.1782
       1318.0000      87.9268
       1317.8000      87.6630
       1317.6000      87.3228
       1317.4000      87.0760
       1317.1999      86.9602
       1317.0000      86.7324
       1316.8000      86.5038
       1316.6000      86.3524
       1316.4001      86.2230
       1316.2000      85.9718
       1316.0000      85.7481
       1315.8000      85.6424
       1315.6000      85.3136
       1315.4000      85.0516
       1315.2000      85.0097
       1315.0001      84.8224
       1314.8000      84.7549
       1314.6000      84.7239
       1314.4000      84.4578
       1314.2000      84.3578
       1314.0000      84.2916
       1313.8000      84.0555
       1313.5999      83.8935
       1313.4000      83.8457
       1313.2000      83.7922
       1313.0000      83.7447
       1312.8000      83.5599
       1312.6000      83.5506
       1312.4000      83.5365
       1312.2000      83.3739
       1312.0000      83.3090
       1311.8000      83.4216
       1311.6000      83.5641
       1311.4001      83.4686
       1311.2000      83.4995
       1311.0000      83.5516
       1310.8000      83.3982
       1310.6000      83.4696
       1310.4000      83.7155
       1310.2000      83.7208
       1309.9999      83.8056
       1309.8000      83.9594
       1309.6000      83.8983
       1309.4000      83.8286
       1309.2000      83.7832
       1309.0000      83.7269
       1308.8000      83.8294
       1308.5999      84.0985
       1308.4000      84.1774
       1308.2000      84.1763
       1308.0000      84.2718
       1307.8001      84.3735
       1307.6000      84.2571
       1307.4000      84.3848
       1307.2000      84.4856
       1307.0000      84.5161
       1306.8000      84.7961
       1306.6000      84.6905
       1306.3999      84.7849
       1306.2000      84.9350
       1306.0000      84.8665
       1305.8000      85.0314
       1305.6000      85.2439
       1305.4000      85.3522
       1305.2000      85.3937
       1304.9999      85.5104
       1304.8000      85.5356
       1304.6000      85.5614
       1304.4000      85.7653
       1304.2001      85.8636
       1304.0000      85.8575
       1303.8000      85.9251
       1303.6000      85.9425
       1303.4000      85.9403
       1303.2000      86.0275
       1303.0000      86.0550
       1302.8001      86.1635
       1302.6000      86.3641
       1302.4000      86.4785
       1302.2000      86.6397
       1302.0000      86.5765
       1301.8000      86.4739
       1301.6000      86.4971
       1301.3999      86.5585
       1301.2000      86.7498
       1301.0000      86.7895
       1300.8000      86.8969
       1300.6001      86.9248
       1300.4000      86.8368
       1300.2000      86.7951
       1300.0000      86.7998
       1299.8000      86.9212
       1299.6000      86.9363
       1299.4000      86.9769
       1299.2001      87.0298
       1299.0000      86.9459
       1298.8000      86.9379
       1298.6000      86.9987
       1298.4000      87.2409
       1298.2000      87.3857
       1298.0000      87.2899
       1297.7999      87.3230
       1297.6000      87.3773
       1297.4000      87.3401
       1297.2000      87.3599
       1297.0001      87.4333
       1296.8000      87.4493
       1296.6000      87.4875
       1296.4000      87.3985
       1296.2000      87.4446
       1296.0000      87.5143
       1295.8000      87.4504
       1295.6001      87.3983
       1295.4000      87.2697
       1295.2000      87.3410
       1295.0000      87.5615
       1294.8000      87.5206
       1294.6000      87.5621
       1294.4000      87.7380
       1294.1999      87.7275
       1294.0000      87.6735
       1293.8000      87.7503
       1293.6000      87.9619
       1293.4000      88.0816
       1293.2000      88.1279
       1293.0000      88.1999
       1292.7999      88.1472
       1292.6000      88.0788
       1292.4000      88.0301
       1292.2000      88.1448
       1292.0001      88.4009
       1291.8000      88.3915
       1291.6000      88.2874
       1291.4000      88.4662
       1291.2000      88.5030
       1291.0000      88.3184
       1290.8000      88.5085
       1290.5999      88.5961
       1290.4000      88.5324
       1290.2000      88.7211
       1290.0000      88.7518
       1289.8000      88.7293
       1289.6000      88.9019
       1289.4000      88.7864
       1289.1999      88.7766
       1289.0000      89.1578
       1288.8000      89.1839
       1288.6000      89.1691
       1288.4001      89.4097
       1288.2000      89.3795
       1288.0000      89.3363
       1287.8000      89.4771
       1287.6000      89.5553
       1287.4000      89.6918
       1287.2000      90.0563
       1286.9999      90.1138
       1286.8000      89.7884
       1286.6000      89.8295
       1286.4000      90.0065
       1286.2000      90.0626
       1286.0000      90.3189
       1285.8000      90.5643
       1285.5999      90.5812
       1285.4000      90.4261
       1285.2000      90.3453
       1285.0000      90.5015
       1284.8001      90.7117
       1284.6000      90.8355
       1284.4000      91.0296
       1284.2000      91.1427
       1284.0000      91.1399
       1283.8000      91.1025
       1283.6000      91.0111
       1283.4001      91.1598
       1283.2000      91.3603
       1283.0000      91.4252
       1282.8000      91.5752
       1282.6000      91.5288
       1282.4000      91.3936
       1282.2000      91.4257
       1281.9999      91.4722
       1281.8000      91.7231
       1281.6000      92.0178
       1281.4000      92.0872
       1281.2001      92.1307
       1281.0000      92.1005
       1280.8000      92.0183
       1280.6000      91.9671
       1280.4000      92.1048
       1280.2000      92.3972
       1280.0000      92.5579
       1279.8001      92.5857
       1279.6000      92.4980
       1279.4000      92.4538
       1279.2000      92.5511
       1279.0000      92.5638
       1278.8000      92.5669
       1278.6000      92.8902
       1278.3999      92.9458
       1278.2000      92.7737
       1278.0000      92.8482
       1277.8000      92.8066
       1277.6000      92.7161
       1277.4000      93.0125
       1277.2000      93.1200
       1277.0000      92.9768
       1276.8000      93.0352
       1276.6000      92.9180
       1276.4000      92.7386
       1276.2001      92.9309
       1276.0000      92.9434
       1275.8000      92.8244
       1275.6000      93.1791
       1275.4000      93.2475
       1275.2000      93.1992
       1275.0000      93.3133
       1274.7999      93.0715
       1274.6000      92.9698
       1274.4000      93.1858
       1274.2000      93.2227
       1274.0000      93.2868
       1273.8000      93.5175
       1273.6000      93.2734
       1273.3999      93.0129
       1273.2000      93.0980
       1273.0000      92.9506
       1272.8000      92.9655
       1272.6001      93.3012
       1272.4000      93.2747
       1272.2000      93.1635
       1272.0000      93.2258
       1271.8000      93.0905
       1271.6000      92.9916
       1271.4000      93.0157
       1271.1999      92.9553
       1271.0000      92.9580
       1270.8000      92.9593
       1270.6000      92.8059
       1270.4000      92.7583
       1270.2000      92.8298
       1270.0000      92.8012
       1269.7999      92.6690
       1269.6000      92.6199
       1269.4000      92.7943
       1269.2000      92.7857
       1269.0001      92.6741
       1268.8000      92.6210
       1268.6000      92.4506
       1268.4000      92.4820
       1268.2000      92.4487
       1268.0000      92.3092
       1267.8000      92.3075
       1267.6001      92.3304
       1267.4000      92.1814
       1267.2000      92.1093
       1267.0000      92.0933
       1266.8000      91.9645
       1266.6000      91.8485
       1266.4000      91.9155
       1266.1999      91.8273
       1266.0000      91.7933
       1265.8000      92.0357
       1265.6000      91.8711
       1265.4001      91.5750
       1265.2000      91.6168
       1265.0000      91.4747
       1264.8000      91.2805
       1264.6000      91.5259
       1264.4000      91.4652
       1264.2000      91.2894
       1264.0001      91.3265
       1263.8000      91.1251
       1263.6000      90.8781
       1263.4000      91.0467
       1263.2000      90.9004
       1263.0000      90.6015
       1262.8000      90.9042
       1262.5999      90.8339
       1262.4000      90.4303
       1262.2000      90.5550
       1262.0000      90.4219
       1261.8001      90.1933
       1261.6000      90.3761
       1261.4000      90.2031
       1261.2000      90.0817
       1261.0000      90.2117
       1260.8000      89.9818
       1260.6000      89.7979
       1260.4001      89.7849
       1260.2000      89.6147
       1260.0000      89.5450
       1259.8000      89.7296
       1259.6000      89.6638
       1259.4000      89.3973
       1259.2000      89.3100
       1258.9999      89.2228
       1258.8000      89.1490
       1258.6000      89.1111
       1258.4000      88.9060
       1258.2000      88.8037
       1258.0000      88.8862
       1257.8000      88.7448
       1257.5999      88.4950
       1257.4000      88.3662
       1257.2000      88.3488
       1257.0000      88.1932
       1256.8001      88.1453
       1256.6000      88.1718
       1256.4000      88.0232
       1256.2000      87.8939
       1256.0000      87.7643
       1255.8000      87.7804
       1255.6000      87.8807
       1255.3999      87.7869
       1255.2000      87.6707
       1255.0000      87.6367
       1254.8000      87.5334
       1254.6000      87.3469
       1254.4000      87.2369
       1254.2000      87.2885
       1253.9999      87.1381
       1253.8000      86.9816
       1253.6000      87.1631
       1253.4000      87.0985
       1253.2001      87.0805
       1253.0000      87.0599
       1252.8000      86.8992
       1252.6000      86.7738
       1252.4000      86.6628
       1252.2000      86.5352
       1252.0000      86.4365
       1251.7999      86.6214
       1251.6000      86.5657
       1251.4000      86.3505
       1251.2000      86.4007
       1251.0000      86.3627
       1250.8000      86.2243
       1250.6000      86.3471
       1250.3999      86.2041
       1250.2000      86.0551
       1250.0000      86.2864
       1249.8000      86.1183
       1249.6001      85.9591
       1249.4000      86.2204
       1249.2000      86.1157
       1249.0000      85.9510
       1248.8000      86.0686
       1248.6000      86.0203
       1248.4000      85.9553
       1248.2001      86.0492
       1248.0000      86.0027
       1247.8000      85.8310
       1247.6000      85.9852
       1247.4000      86.0269
       1247.2000      86.0257
       1247.0000      86.2642
       1246.7999      86.0427
       1246.6000      85.8766
       1246.4000      85.9722
       1246.2000      85.9293
       1246.0001      85.9811
       1245.8000      86.0469
       1245.6000      86.0407
       1245.4000      85.9868
       1245.2000      85.9022
       1245.0000      85.7692
       1244.8000      85.7359
       1244.6001      85.9900
       1244.4000      86.1757
       1244.2000      86.0938
       1244.0000      86.0770
       1243.8000      86.0641
       1243.6000      85.8927
       1243.4000      85.9248
       1243.1999      86.1143
       1243.0000      86.1291
       1242.8000      86.1209
       1242.6000      86.2601
       1242.4001      86.3223
       1242.2000      86.3135
       1242.0000      86.1986
       1241.8000      86.0830
       1241.6000      86.2063
       1241.4000      86.4513
       1241.2000      86.4071
       1241.0001      86.3114
       1240.8000      86.5303
       1240.6000      86.4606
       1240.4000      86.1821
       1240.2000      86.3707
       1240.0000      86.4806
       1239.8000      86.4446
       1239.5999      86.6315
       1239.4000      86.4771
       1239.2000      86.2064
       1239.0000      86.3319
       1238.8000      86.2592
       1238.6000      86.0972
       1238.4000      86.4760
       1238.1999      86.4947
       1238.0000      86.3105
       1237.8000      86.4518
       1237.6000      86.3302
       1237.4001      86.0780
       1237.2000      86.2581
       1237.0000      86.2862
       1236.8000      86.2143
       1236.6000      86.5415
       1236.4000      86.2950
       1236.2000      85.9895
       1235.9999      86.2613
       1235.8000      86.0469
       1235.6000      85.6762
       1235.4000      85.9410
       1235.2000      86.1226
       1235.0000      85.9756
       1234.8000      86.0023
       1234.5999      85.8794
       1234.4000      85.6091
       1234.2000      85.6888
       1234.0000      85.7691
       1233.8001      85.5998
       1233.6000      85.5978
       1233.4000      85.6090
       1233.2000      85.4548
       1233.0000      85.2737
       1232.8000      85.1159
       1232.6000      84.9972
       1232.3999      84.9701
       1232.2000      85.0563
       1232.0000      84.9393
       1231.8000      84.7494
       1231.6000      84.7487
       1231.4000      84.5349
       1231.2000      84.2605
       1230.9999      84.3191
       1230.8000      84.2493
       1230.6000      84.2566
       1230.4000      84.4236
       1230.2001      84.2315
       1230.0000      83.9915
       1229.8000      83.9103
       1229.6000      83.6958
       1229.4000      83.5120
       1229.2000      83.6152
       1229.0000      83.6554
       1228.8001      83.5600
       1228.6000      83.4436
       1228.4000      83.2325
       1228.2000      82.9136
       1228.0000      83.0586
       1227.8000      83.1583
       1227.6000      82.9976
       1227.3999      83.0984
       1227.2000      83.0016
       1227.0000      82.8267
       1226.8000      82.7802
       1226.6001      82.5961
       1226.4000      82.4184
       1226.2000      82.6832
       1226.0000      82.7149
       1225.8000      82.4361
       1225.6000      82.4072
       1225.4000      82.2973
       1225.2001      82.1196
       1225.0000      82.1314
       1224.8000      82.0551
       1224.6000      81.9217
       1224.4000      82.0461
       1224.2000      81.9792
       1224.0000      81.8601
       1223.7999      82.0426
       1223.6000      81.8628
       1223.4000      81.6442
       1223.2000      81.7283
       1223.0000      81.9315
       1222.8000      82.0139
       1222.6000      81.9715
       1222.4000      81.8325
       1222.2000      81.7584
       1222.0000      81.8945
       1221.8000      82.0230
       1221.6001      82.0580
       1221.4000      82.0652
       1221.2000      82.0921
       1221.0000      82.0925
       1220.8000      82.1203
       1220.6000      82.1137
       1220.4000      82.1649
       1220.1999      82.2712
       1220.0000      82.4782
       1219.8000      82.4606
       1219.6000      82.4458
       1219.4000      82.4536
       1219.2000      82.3141
       1219.0000      82.4525
       1218.7999      82.8246
       1218.6000      82.9249
       1218.4000      82.7777
       1218.2000      83.0375
       1218.0001      83.2233
       1217.8000      83.2157
       1217.6000      83.3174
       1217.4000      83.3924
       1217.2000      83.5428
       1217.0000      83.7945
       1216.8000      83.9474
       1216.5999      84.0079
       1216.4000      84.0966
       1216.2000      84.0481
       1216.0000      84.2149
       1215.8000      84.5688
       1215.6000      84.6976
       1215.4000      84.8021
       1215.1999      85.0654
       1215.0000      84.9831
       1214.8000      85.0078
       1214.6000      85.2223
       1214.4001      85.2464
       1214.2000      85.4107
       1214.0000      85.7394
       1213.8000      85.8459
       1213.6000      85.8275
       1213.4000      86.0091
       1213.2000      86.0149
       1213.0001      86.0283
       1212.8000      86.4262
       1212.6000      86.6126
       1212.4000      86.5943
       1212.2000      86.9336
       1212.0000      86.9746
       1211.8000      86.8360
       1211.5999      87.1163
       1211.4000      87.1589
       1211.2000      87.0992
       1211.0000      87.4296
       1210.8001      87.5034
       1210.6000      87.3495
       1210.4000      87.5412
       1210.2000      87.6396
       1210.0000      87.6465
       1209.8000      87.8498
       1209.6000      87.8915
       1209.4001      87.8844
       1209.2000      87.9375
       1209.0000      87.8426
       1208.8000      87.6833
       1208.6000      87.7927
       1208.4000      87.8009
       1208.2000      87.7206
       1207.9999      87.7328
       1207.8000      87.7975
       1207.6000      87.7726
       1207.4000      87.6703
       1207.2001      87.5736
       1207.0000      87.5672
       1206.8000      87.7119
       1206.6000      87.6730
       1206.4000      87.3787
       1206.2000      87.3113
       1206.0000      87.5283
       1205.8001      87.2056
       1205.6000      86.9529
       1205.4000      87.1647
       1205.2000      87.0190
       1205.0000      86.8038
       1204.8000      86.7831
       1204.6000      86.5613
       1204.3999      86.4163
       1204.2000      86.4118
       1204.0000      86.1308
       1203.8000      85.9949
       1203.6000      86.2338
       1203.4000      86.0778
       1203.2000      85.6555
       1202.9999      85.7392
       1202.8000      85.6132
       1202.6000      85.2026
       1202.4000      85.2636
       1202.2001      85.2287
       1202.0000      84.9893
       1201.8000      84.8825
       1201.6000      84.6345
       1201.4000      84.3891
       1201.2000      84.4190
       1201.0000      84.3030
       1200.7999      84.0472
       1200.6000      84.0820
       1200.4000      84.0233
       1200.2000      83.6882
       1200.0000      83.6008
       1199.8000      83.5315
       1199.6000      83.3111
       1199.3999      83.3997
       1199.2000      83.3409
       1199.0000      83.0873
       1198.8000      83.0149
       1198.6001      82.8700
       1198.4000      82.6843
       1198.2000      82.7111
       1198.0000      82.6067
       1197.8000      82.4039
       1197.6000      82.5514
       1197.4000      82.5257
       1197.1999      82.3472
       1197.0000      82.2875
       1196.8000      82.2119
       1196.6000      82.0256
       1196.4000      82.0881
       1196.2000      82.2430
       1196.0000      82.1748
       1195.7999      82.1515
       1195.6000      81.9652
       1195.4000      81.8231
       1195.2000      81.8327
       1195.0001      81.9381
       1194.8000      81.8080
       1194.6000      81.7337
       1194.4000      81.8723
       1194.2000      81.8290
       1194.0000      81.7862
       1193.8000      81.8933
       1193.6001      81.8101
       1193.4000      81.7395
       1193.2000      81.8466
       1193.0000      81.7586
       1192.8000      81.8032
       1192.6000      82.0751
       1192.4000      82.0375
       1192.1999      81.7939
       1192.0000      81.8549
       1191.8000      81.9013
       1191.6000      81.9092
       1191.4001      82.0029
       1191.2000      82.0667
       1191.0000      82.0968
       1190.8000      82.0742
       1190.6000      81.9464
       1190.4000      81.9069
       1190.2000      82.0615
       1190.0001      82.0751
       1189.8000      82.0584
       1189.6000      82.2400
       1189.4000      82.1845
       1189.2000      81.9929
       1189.0000      82.0204
       1188.8000      81.9171
       1188.5999      81.7429
       1188.4000      82.0146
       1188.2000      82.1205
       1188.0000      81.9332
       1187.8000      82.0521
       1187.6000      82.0743
       1187.4000      81.8511
       1187.2000      81.7636
       1187.0000      81.5280
       1186.8000      81.3539
       1186.6000      81.6118
       1186.4001      81.6356
       1186.2000      81.3423
       1186.0000      81.2629
       1185.8000      81.1786
       1185.6000      80.9854
       1185.4000      80.9380
       1185.2000      80.8172
       1184.9999      80.8015
       1184.8000      80.7932
       1184.6000      80.6271
       1184.4000      80.3105
       1184.2000      80.1596
       1184.0000      80.1806
       1183.8000      80.1405
       1183.5999      80.1924
       1183.4000      80.2409
       1183.2000      80.1538
       1183.0000      79.9014
       1182.8001      79.7933
       1182.6000      79.6070
       1182.4000      79.3451
       1182.2000      79.3223
       1182.0000      79.2675
       1181.8000      79.1515
       1181.6000      79.1765
       1181.3999      79.0595
       1181.2000      78.9083
       1181.0000      78.9307
       1180.8000      78.8165
       1180.6000      78.7141
       1180.4000      78.7971
       1180.2000      78.8289
       1179.9999      78.7526
       1179.8000      78.7348
       1179.6000      78.5985
       1179.4000      78.4135
       1179.2001      78.5177
       1179.0000      78.6008
       1178.8000      78.6348
       1178.6000      78.7391
       1178.4000      78.8196
       1178.2000      78.8420
       1178.0000      78.9868
       1177.8001      79.0171
       1177.6000      78.9977
       1177.4000      79.2560
       1177.2000      79.4249
       1177.0000      79.4974
       1176.8000      79.6568
       1176.6000      79.9866
       1176.3999      80.1727
       1176.2000      80.2651
       1176.0000      80.4713
       1175.8000      80.6574
       1175.6001      81.0057
       1175.4000      81.3231
       1175.2000      81.4276
       1175.0000      81.7037
       1174.8000      81.9408
       1174.6000      81.8939
       1174.4000      82.1628
       1174.2001      82.5071
       1174.0000      82.7101
       1173.8000      82.8771
       1173.6000      82.9586
       1173.4000      83.0248
       1173.2000      83.1691
       1173.0000      83.2028
       1172.7999      83.1360
       1172.6000      83.1955
       1172.4000      83.1301
       1172.2000      82.9974
       1172.0001      82.8245
       1171.8000      82.5682
       1171.6000      82.0870
       1171.4000      81.6357
       1171.2000      81.2978
       1171.0000      80.9894
       1170.8000      80.4570
       1170.6001      79.6401
       1170.4000      78.7031
       1170.2000      77.6602
       1170.0000      76.6848
       1169.8000      75.5702
       1169.6000      74.3513
       1169.4000      73.1910
       1169.1999      71.8613
       1169.0000      70.6343
       1168.8000      69.2703
       1168.6000      67.2370
       1168.4000      65.5371
       1168.2000      63.9837
       1168.0000      62.0486
       1167.7999      60.5254
       1167.6000      58.7747
       1167.4000      56.7954
       1167.2000      55.1418
       1167.0001      53.0948
       1166.8000      51.0926
       1166.6000      49.0555
       1166.4000      47.3209
       1166.2000      45.7980
       1166.0000      43.7186
       1165.8000      42.1260
       1165.5999      40.4200
       1165.4000      38.6052
       1165.2000      37.2375
       1165.0000      35.4057
       1164.8000      33.8124
       1164.6000      32.3266
       1164.4000      30.6815
       1164.1999      29.3732
       1164.0000      28.0951
       1163.8000      26.8726
       1163.6000      25.4804
       1163.4001      24.1692
       1163.2000      23.0656
       1163.0000      21.9630
       1162.8000      21.0394
       1162.6000      20.0925
       1162.4000      19.0540
       1162.2000      18.2515
       1161.9999      17.4978
       1161.8000      16.5266
       1161.6000      15.7794
       1161.4000      15.0202
       1161.2000      14.1930
       1161.0000      13.6527
       1160.8000      13.0165
       1160.5999      12.3147
       1160.4000      11.8683
       1160.2000      11.3473
       1160.0000      10.7165
       1159.8001      10.2811
       1159.6000      9.83743
       1159.4000      9.27834
       1159.2000      8.89883
       1159.0000      8.58070
       1158.8000      8.08897
       1158.6000      7.76362
       1158.4001      7.51343
       1158.2000      7.11182
       1158.0000      6.87127
       1157.8000      6.58918
       1157.6000      6.20834
       1157.4000      5.94113
       1157.2000      5.66471
       1156.9999      5.46208
       1156.8000      5.23972
       1156.6000      4.97364
       1156.4000      4.78204
       1156.2001      4.60787
       1156.0000      4.41170
       1155.8000      4.21708
       1155.6000      4.09398
       1155.4000      3.94917
       1155.2000      3.73061
       1155.0000      3.60007
       1154.8001      3.50907
       1154.6000      3.36956
       1154.4000      3.23054
       1154.2000      3.08294
       1154.0000      2.95612
       1153.8000      2.82252
       1153.6000      2.66059
       1153.3999      2.57018
       1153.2000      2.50186
       1153.0000      2.47003
       1152.8000      2.35700
       1152.6000      2.17003
       1152.4000      2.12152
       1152.2000      2.06654
       1152.0000      1.96864
       1151.8000      1.87389
       1151.6000      1.80553
       1151.4000      1.75617
       1151.2001      1.70341
       1151.0000      1.62456
       1150.8000      1.56643
       1150.6000      1.53222
       1150.4000      1.44194
       1150.2000      1.34104
       1150.0000      1.34200
       1149.7999      1.31844
       1149.6000      1.17504
       1149.4000      1.12120
       1149.2000      1.12411
       1149.0000      1.06697
       1148.8000      1.03737
       1148.6000      1.00366
       1148.3999      1.00089
       1148.2000     0.944953
       1148.0000     0.855456
       1147.8000     0.879297
       1147.6001     0.858651
       1147.4000     0.813243
       1147.2000     0.814734
       1147.0000     0.714657
       1146.8000     0.646120
       1146.6000     0.634462
       1146.4000     0.625539
       1146.1999     0.616102
       1146.0000     0.559765
       1145.8000     0.616731
       1145.6000     0.596210
       1145.4000     0.505580
       1145.2000     0.496451
       1145.0000     0.483860
       1144.7999     0.414832
       1144.6000     0.441045
       1144.4000     0.476042
       1144.2000     0.383214
       1144.0001     0.395081
       1143.8000     0.406488
       1143.6000     0.362026
       1143.4000     0.316357
       1143.2000     0.327311
       1143.0000     0.294790
       1142.8000     0.247374
       1142.6001     0.272202
       1142.4000     0.250271
       1142.2000     0.271569
       1142.0000     0.329636
       1141.8000     0.318968
       1141.6000     0.285604
       1141.4000     0.264291
       1141.1999     0.285808
       1141.0000     0.207602
       1140.8000     0.118450
       1140.6000     0.185999
       1140.4001     0.207758
       1140.2000     0.175520
       1140.0000     0.118488
       1139.8000     0.120175
       1139.6000     0.130956
       1139.4000     0.163300
       1139.2000     0.175763
       1139.0001     0.189226
       1138.8000     0.189022
       1138.6000     0.143089
       1138.4000     0.120036
       1138.2000    0.0537900
       1138.0000    0.0983650
       1137.8000     0.178295
       1137.5999     0.155293
       1137.4000    0.0830280
       1137.2000    0.0951950
       1137.0000     0.153457
       1136.8001     0.142802
       1136.6000     0.145995
       1136.4000     0.155178
       1136.2000     0.168890
       1136.0000     0.124435
       1135.8000    0.0399860
       1135.6000    0.0999790
       1135.4001     0.121564
       1135.2000    0.0554250
       1135.0000    0.0800900
       1134.8000    0.0894550
       1134.6000    0.0987210
       1134.4000    0.0647090
       1134.2000   0.00925200
       1133.9999   0.00925000
       1133.8000   0.00924200
       1133.6000   0.00924400
       1133.4000    0.0184890
       1133.2000    0.0647270
       1133.0000     0.100042
       1132.8000     0.112149
       1132.5999    0.0430020
       1132.4000    0.0307140
       1132.2000    0.0660010
       1132.0000    0.0199630
       1131.8001   0.00922100
       1131.6000    0.0199880
       1131.4000    0.0214970
       1131.2000    0.0337420
       1131.0000    0.0444960
       1130.8000    0.0445480
       1130.6000  -0.00307800
       1130.3999    0.0215340
       1130.2000    0.0338490
       1130.0000   -0.0462350
       1129.8000   -0.0246330
       1129.6000    0.0215410
       1129.4000    0.0446060
       1129.2000    0.0338490
       1128.9999   0.00923800
       1128.8000    0.0677460
       1128.6000    0.0924290
       1128.4000    0.0677490
       1128.2001   0.00769800
       1128.0000  -0.00307500
       1127.8000    0.0598490
       1127.6000    0.0830230
       1127.4000    0.0707810
       1127.2000   0.00922600
       1127.0000      0.00000
       1126.7999    0.0477120
       1126.6000    0.0353520
       1126.4000  -0.00153500
       1126.2000    0.0583480
       1126.0000    0.0122820
       1125.8000   -0.0722060
       1125.6000  -0.00153700
       1125.3999    0.0936990
       1125.2000     0.116712
       1125.0000    0.0460810
       1124.8000    0.0230450
       1124.6001   -0.0246030
       1124.4000   -0.0246260
       1124.2000    0.0615150
       1124.0000    0.0230880
       1123.8000    0.0461500
       1123.6000    0.0813830
       1123.4000   -0.0430280
       1123.2001   -0.0767740
       1123.0000   -0.0506640
       1122.8000   -0.0153650
       1122.6000    0.0230460
       1122.4000    0.0123070
       1122.2000    0.0861860
       1122.0000    0.0738060
       1121.7999   -0.0230560
       1121.6000    0.0123160
       1121.4000    0.0246610
       1121.2000    0.0508090
       1121.0001     0.110888
       1120.8000     0.110775
       1120.6000    0.0261040
       1120.4000   -0.0245800
       1120.2000   0.00920900
       1120.0000    0.0353050
       1119.8000    0.0261100
       1119.6001      0.00000
       1119.4000    0.0214610
       1119.2000   -0.0168780
       1119.0000   -0.0122700
       1118.8000    0.0367620
       1118.6000  -0.00153300
       1118.4000   -0.0552710
       1118.1999   -0.0307200
       1118.0000  -0.00153500
       1117.8000   0.00153400
       1117.6000    0.0490640
       1117.4001    0.0475800
       1117.2000    0.0245620
       1117.0000   0.00306900
       1116.8000   -0.0353330
       1116.6000    0.0383880
       1116.4000     0.101243
       1116.2000    0.0630080
       1116.0001  -0.00153800
       1115.8000  -0.00153600
       1115.6000    0.0522430
       1115.4000    0.0676360
       1115.2000    0.0553070
       1115.0000    0.0906380
       1114.8000     0.101468
       1114.5999    0.0353530
       1114.4000  -0.00307300
       1114.2000    0.0107510
       1114.0000    0.0368330
       1113.8000    0.0767650
       1113.6000    0.0323100
       1113.4000  -0.00153700
       1113.1999   0.00153500
       1113.0000   -0.0522210
       1112.8000      0.00000
       1112.6000    0.0367720
       1112.4001    0.0659230
       1112.2000     0.108837
       1112.0000    0.0291660
       1111.8000  -0.00153700
       1111.6000   -0.0414880
       1111.4000   -0.0292240
       1111.2000   -0.0276820
       1110.9999  -0.00153400
       1110.8000    0.0766740
       1110.6000    0.0368940
       1110.4000    0.0230870
       1110.2000    0.0492520
       1110.0000    0.0491850
       1109.8000    0.0230580
       1109.5999    0.0369220
       1109.4000    0.0400350
       1109.2000   -0.0292910
       1109.0000   -0.0308360
       1108.8001    0.0231440
       1108.6000    0.0631740
       1108.4000    0.0537750
       1108.2000    0.0123000
       1108.0000   -0.0461150
       1107.8000   -0.0444420
       1107.6000    0.0674250
       1107.3999    0.0260680
       1107.2000    0.0826910
       1107.0000    0.0796920
       1106.8000   -0.0306640
       1106.6000    0.0290930
       1106.4000      0.00000
       1106.2000  -0.00306900
       1105.9999    0.0659110
       1105.8000     0.104396
       1105.6000     0.104586
       1105.4000     0.118283
       1105.2001    0.0783240
       1105.0000  -0.00153600
       1104.8000   -0.0429900
       1104.6000   -0.0430190
       1104.4000    0.0123080
       1104.2000    0.0107750
       1104.0000   -0.0708510
       1103.8001   -0.0399950
       1103.6000    0.0690520
       1103.4000    0.0814590
       1103.2000  -0.00153800
       1103.0000      0.00000
       1102.8000    0.0831370
       1102.6000    0.0431250
       1102.3999    0.0153910
       1102.2000    0.0230920
       1102.0000   -0.0169440
       1101.8000   0.00307200
       1101.6001    0.0414360
       1101.4000    0.0522320
       1101.2000    0.0660050
       1101.0000    0.0828800
       1100.8000    0.0690970
       1100.6000    0.0551710
       1100.4000    0.0414220
       1100.2001    0.0122910
       1100.0000   -0.0307260
       1099.8000   -0.0584910
       1099.6000  -0.00154000
       1099.4000    0.0553430
       1099.2000    0.0399740
       1099.0000   -0.0430390
       1098.7999   -0.0429770
       1098.6000    0.0122800
       1098.4000   -0.0168960
       1098.2000   -0.0169190
       1098.0000    0.0123120
       1097.8000   -0.0570070
       1097.6000   -0.0831550
       1097.4000   -0.0414800
       1097.2000   -0.0476730
       1097.0000   -0.0184490
       1096.8000   0.00153700
       1096.6001   -0.0292040
       1096.4000   -0.0138470
       1096.2000   0.00154100
       1096.0000   0.00153900
       1095.8000   -0.0276880
       1095.6000    0.0261360
       1095.4000    0.0706400
       1095.1999   -0.0521990
       1095.0000   -0.0414830
       1094.8000    0.0568130
       1094.6000    0.0153610
       1094.4000   -0.0430520
       1094.2000   -0.0138260
       1094.0000    0.0444810
       1093.7999   -0.0537180
       1093.6000    -0.139865
       1093.4000   -0.0568200
       1093.2000   -0.0291820
       1093.0001   -0.0138480
       1092.8000    0.0261430
       1092.6000    0.0291550
       1092.4000    0.0153340
       1092.2000   0.00153200
       1092.0000    0.0306850
       1091.8000    0.0675650
       1091.5999    0.0215200
       1091.4000    0.0353500
       1091.2000     0.127323
       1091.0000    0.0306980
       1090.8000   -0.0430330
       1090.6000    0.0507780
       1090.4000    0.0661330
       1090.1999    0.0261350
       1090.0000    0.0400130
       1089.8000    0.0692540
       1089.6000     0.124306
       1089.4001    0.0276370
       1089.2000   -0.0691970
       1089.0000   -0.0307020
       1088.8000   0.00921800
       1088.6000    0.0830000
       1088.4000    0.0705830
       1088.2000    0.0122780
       1088.0001   -0.0414610
       1087.8000  -0.00153400
       1087.6000    0.0950810
       1087.4000    0.0829050
       1087.2000    0.0981160
       1087.0000    0.0844070
       1086.8000    0.0952910
       1086.5999     0.109001
       1086.4000    0.0383770
       1086.2000    0.0828380
       1086.0000    0.0966130
       1085.8001    0.0383990
       1085.6000   -0.0414720
       1085.4000   -0.0138080
       1085.2000    0.0798210
       1085.0000    0.0659610
       1084.8000    0.0275710
       1084.6000   -0.0398660
       1084.4001   -0.0414870
       1084.2000   -0.0184360
       1084.0000    0.0122870
       1083.8000    0.0584460
       1083.6000   -0.0138580
       1083.4000   -0.0276870
       1083.2000    0.0706350
       1082.9999    0.0567640
       1082.8000   -0.0276470
       1082.6000   -0.0554080
       1082.4000   0.00153800
       1082.2001    0.0292170
       1082.0000      0.00000
       1081.8000    0.0415150
       1081.6000    0.0291990
       1081.4000  -0.00922700
       1081.2000   0.00307300
       1081.0000    0.0138420
       1080.8001   -0.0123220
       1080.6000    -0.107742
       1080.4000   -0.0831270
       1080.2000    0.0277160
       1080.0000    0.0414800
       1079.8000    0.0384090
       1079.6000    0.0538550
       1079.3999   -0.0261500
       1079.2000   -0.0937670
       1079.0000   -0.0414480
       1078.8000   -0.0122680
       1078.6000   -0.0138100
       1078.4000    0.0122960
       1078.2000   -0.0292230
       1077.9999   -0.0476840
       1077.8000   -0.0184600
       1077.6000   -0.0568930
       1077.4000   -0.0153840
       1077.2001    0.0800200
       1077.0000    0.0537990
       1076.8000    0.0260920
       1076.6000      0.00000
       1076.4000   0.00307500
       1076.2000    0.0291790
       1076.0000    0.0261130
       1075.7999    0.0384840
       1075.6000    0.0261600
       1075.4000    0.0261450
       1075.2000   -0.0292230
       1075.0000   -0.0553120
       1074.8000   -0.0292200
       1074.6000  -0.00154000
       1074.3999    0.0553170
       1074.2000    0.0568150
       1074.0000    0.0430310
       1073.8000    0.0950550
       1073.6001    0.0919310
       1073.4000  -0.00153600
       1073.2000  -0.00153500
       1073.0000    0.0260950
       1072.8000   -0.0168970
       1072.6000   -0.0291520
       1072.4000   -0.0398550
       1072.1999   -0.0689940
       1072.0000   -0.0322150
       1071.8000  -0.00153500
       1071.6000   -0.0415070
       1071.4000   -0.0568890
       1071.2000   -0.0584070
       1071.0000    0.0153580
       1070.7999    0.0705920
       1070.6000    0.0261340
       1070.4000    0.0414990
       1070.2000    0.0276780
       1070.0001  -0.00153900
       1069.8000    0.0122990
       1069.6000    0.0537310
       1069.4000    0.0936010
       1069.2000    0.0797940
       1069.0000     0.108855
       1068.8000    0.0952210
       1068.6001    0.0399170
       1068.4000   0.00306900
       1068.2000    0.0291650
       1068.0000    0.0644850
       1067.8000   -0.0476330
       1067.6000   -0.0460960
       1067.4000    0.0122940
       1067.1999   -0.0430700
       1067.0000    0.0691820
       1066.8000     0.127425
       1066.6000   0.00153600
       1066.4001   -0.0814580
       1066.2000    0.0153650
       1066.0000    0.0798210
       1065.8000   -0.0892260
       1065.6000    -0.138716
       1065.4000   -0.0537960
       1065.2000   -0.0291810
       1065.0001   -0.0138340
       1064.8000   0.00307300
       1064.6000    0.0538170
       1064.4000    0.0261570
       1064.2000      0.00000
       1064.0000    0.0814480
       1063.8000    0.0538120
       1063.5999   -0.0138280
       1063.4000   -0.0705480
       1063.2000   -0.0860180
       1063.0000   -0.0153910
       1062.8000    0.0138250
       1062.6000   -0.0276760
       1062.4000   -0.0292440
       1062.2000   -0.0445480
       1062.0000   -0.0859950
       1061.8000   -0.0430280
       1061.6000   -0.0430000
       1061.4001   -0.0153730
       1061.2000    0.0138520
       1061.0000   -0.0568890
       1060.8000    -0.101543
       1060.6000   -0.0877320
       1060.4000   -0.0153610
       1060.2000    0.0829540
       1059.9999    0.0554390
       1059.8000  -0.00154000
       1059.6000    0.0107800
       1059.4000   0.00924000
       1059.2000    0.0292150
       1059.0000    0.0707400
       1058.8000    0.0138570
       1058.5999   -0.0553750
       1058.4000   -0.0554240
       1058.2000   -0.0830700
       1058.0000   -0.0245940
       1057.8001   -0.0400460
       1057.6000   -0.0307780
       1057.4000   -0.0153720
       1057.2000   -0.0307410
       1057.0000   -0.0169330
       1056.8000   -0.0276790
       1056.6000    0.0153480
       1056.3999    0.0537260
       1056.2000    0.0429840
       1056.0000    0.0306480
       1055.8000    0.0122640
       1055.6000   -0.0614700
       1055.4000   -0.0615190
       1055.2000   -0.0600380
       1054.9999   -0.0569420
       1054.8000    0.0153800
       1054.6000    0.0584960
       1054.4000    0.0554150
       1054.2001    0.0845250
       1054.0000     0.115294
       1053.8000     0.129141
       1053.6000    0.0246040
       1053.4000   -0.0630720
       1053.2000    0.0721640
       1053.0000    0.0690710
       1052.8001   -0.0353380
       1052.6000   -0.0214950
       1052.4000   -0.0153370
       1052.2000   -0.0138320
       1052.0000   -0.0307440
       1051.8000   -0.0691060
       1051.6000   -0.0107440
       1051.3999    0.0306610
       1051.2000   -0.0460050
       1051.0000   -0.0597470
       1050.8000   -0.0122750
       1050.6001    0.0138320
       1050.4000    0.0291680
       1050.2000   -0.0583020
       1050.0000   -0.0751430
       1049.8000   -0.0445090
       1049.6000      0.00000
       1049.4000    0.0415010
       1049.2001    0.0414650
       1049.0000  -0.00615100
       1048.8000   -0.0338300
       1048.6000   -0.0153690
       1048.4000   -0.0754060
       1048.2000    -0.104452
       1048.0000   -0.0567360
       1047.7999   -0.0122970
       1047.6000      0.00000
       1047.4000    0.0862170
       1047.2000    0.0862770
       1047.0001    0.0415430
       1046.8000    0.0706870
       1046.6000    0.0430250
       1046.4000    0.0338090
       1046.2000   -0.0307620
       1046.0000   -0.0354220
       1045.8000    0.0862210
       1045.6001  -0.00153900
       1045.4000   -0.0445860
       1045.2000    0.0768260
       1045.0000   0.00153500
       1044.8000   -0.0767850
       1044.6000   -0.0338200
       1044.4000    0.0122940
       1044.1999    0.0568370
       1044.0000   -0.0492050
       1043.8000   -0.0767310
       1043.6000   -0.0598580
       1043.4000    -0.133757
       1043.2000    -0.104656
       1043.0000   -0.0307540
       1042.7999      0.00000
       1042.6000   -0.0584230
       1042.4000   -0.0722770
       1042.2000   -0.0138240
       1042.0001    0.0475310
       1041.8000    0.0169020
       1041.6000   -0.0153820
       1041.4000    0.0291970
       1041.2000    0.0261780
       1041.0000   -0.0446350
       1040.8000   -0.0430220
       1040.5999      0.00000
       1040.4000   -0.0322240
       1040.2000    0.0276380
       1040.0000    0.0138310
       1039.8000   -0.0491860
       1039.6000    0.0123080
       1039.4000    0.0292640
       1039.1999      0.00000
       1039.0000      0.00000
       1038.8000    0.0445410
       1038.6000    0.0445140
       1038.4001    0.0291500
       1038.2000     0.110461
       1038.0000    0.0830080
       1037.8000    0.0338090
       1037.6000    0.0920990
       1037.4000      0.00000
       1037.2000    -0.105911
       1036.9999   -0.0306960
       1036.8000    0.0122930
       1036.6000   -0.0153520
       1036.4000   -0.0138100
       1036.2000    0.0138210
       1036.0000   -0.0507120
       1035.8000   -0.0660980
       1035.5999   -0.0353630
       1035.4000   -0.0337930
       1035.2000   -0.0292420
       1035.0000    -0.124946
       1034.8001   -0.0955230
       1034.6000    0.0615790
       1034.4000     0.123140
       1034.2000   -0.0215590
       1034.0000   -0.0676990
       1033.8000    0.0446330
       1033.6000    0.0600320
       1033.4001    0.0891530
       1033.2000    0.0891390
       1033.0000  -0.00307600
       1032.8000    0.0122840
       1032.6000    0.0459630
       1032.4000    0.0152930
       1032.2000    0.0152820
       1031.9999   -0.0153090
       1031.8000   -0.0629440
       1031.6000   -0.0168880
       1031.4000   -0.0199470
       1031.2001   -0.0799140
       1031.0000      0.00000
       1030.8000    0.0445710
       1030.6000   -0.0307660
       1030.4000   -0.0630660
       1030.2000    0.0123160
       1030.0000    0.0123210
       1029.8001   -0.0477670
       1029.6000   -0.0462100
       1029.4000   -0.0292070
       1029.2000   0.00307100
       1029.0000    0.0184420
       1028.8000   -0.0169000
       1028.6000   -0.0215170
       1028.3999    0.0431090
       1028.2000    0.0783690
       1028.0000    0.0475390
       1027.8000    0.0460420
       1027.6000    0.0460300
       1027.4000   -0.0153310
       1027.2000   -0.0276260
       1027.0000   -0.0460950
       1026.8000   -0.0614580
       1026.6000   -0.0460230
       1026.4000    0.0168500
       1026.2001    0.0153190
       1026.0000   -0.0459660
       1025.8000   0.00153400
       1025.6000    0.0475450
       1025.4000    0.0168640
       1025.2000    0.0645310
       1025.0000     0.125858
       1024.7999    0.0627620
       1024.6000    0.0505790
       1024.4000    0.0337470
       1024.2000    0.0291600
       1024.0000    0.0322560
       1023.8000    0.0322760
       1023.6000     0.126131
       1023.3999    0.0646470
       1023.2000   -0.0661920
       1023.0000    0.0430570
       1022.8000     0.158450
       1022.6001    0.0799910
       1022.4000   -0.0493360
       1022.2000   -0.0339620
       1022.0000  -0.00308100
       1021.8000   -0.0200240
       1021.6000  -0.00307900
       1021.4000     0.113714
       1021.1999    0.0830500
       1021.0000   -0.0323590
       1020.8000   -0.0847950
       1020.6000   -0.0877660
       1020.4000  -0.00614900
       1020.2000   -0.0199790
       1020.0000   -0.0629250
       1019.7999   -0.0628730
       1019.6000    0.0659160
       1019.4000     0.131722
       1019.2000    0.0827610
       1019.0001    0.0138170
       1018.8000  -0.00153400
       1018.6000    0.0168570
       1018.4000    0.0153420
       1018.2000  -0.00460500
       1018.0000    0.0122820
       1017.8000    0.0307390
       1017.6001    -0.116958
       1017.4000   -0.0831500
       1017.2000   -0.0861990
       1017.0000    -0.132362
       1016.8000   -0.0970610
       1016.6000   -0.0338630
       1016.4000    0.0661240
       1016.1999    0.0800790
       1016.0000    0.0646890
       1015.8000   -0.0508510
       1015.6000   -0.0323600
       1015.4001      0.00000
       1015.2000    0.0138410
       1015.0000    0.0292440
       1014.8000      0.00000
       1014.6000   0.00461100
       1014.4000   -0.0153900
       1014.2000    0.0153680
       1014.0001    0.0153370
       1013.8000    0.0214680
       1013.6000    0.0566950
       1013.4000    0.0689380
       1013.2000     0.102752
       1013.0000   0.00307100
       1012.8000    0.0184300
       1012.5999    0.0843910
       1012.4000    0.0168910
       1012.2000   -0.0199790
       1012.0000   -0.0891330
       1011.8001    -0.119917
       1011.6000   -0.0169110
       1011.4000    0.0184600
       1011.2000   -0.0539050
       1011.0000   -0.0753740
       1010.8000    0.0138210
       1010.6000    0.0660830
       1010.4001      0.00000
       1010.2000   -0.0522890
       1010.0000   -0.0354420
       1009.8000   -0.0892900
       1009.6000   -0.0722340
       1009.4000   -0.0399470
       1009.2000   -0.0553050
       1008.9999   -0.0184310
       1008.8000   -0.0553220
       1008.6000   -0.0369180
       1008.4000    0.0905930
       1008.2000    0.0552670
       1008.0000    0.0153740
       1007.8000    0.0844510
       1007.5999    0.0153590
       1007.4000   -0.0368950
       1007.2000    0.0184420
       1007.0000    0.0368520
       1006.8001   -0.0168990
       1006.6000    -0.130950
       1006.4000   -0.0416020
       1006.2000    0.0507400
       1006.0000  -0.00461100
       1005.8000    0.0538980
       1005.6000     0.109266
       1005.3999    0.0537970
       1005.2000   -0.0369660
       1005.0000  -0.00153900
       1004.8000    -0.129230
       1004.6000    -0.167796
       1004.4000    0.0168800
       1004.2000     0.108967
       1003.9999    0.0907950
       1003.8000   -0.0200110
       1003.6000    -0.149227
       1003.4000    -0.130872
       1003.2001   -0.0538690
       1003.0000      0.00000
       1002.8000     0.144502
       1002.6000     0.109152
       1002.4000   -0.0184480
       1002.2000    0.0169310
       1002.0000    0.0353670
       1001.7999   -0.0215150
       1001.6000   -0.0599610
       1001.4000   -0.0215190
       1001.2000    0.0184200
       1001.0000    0.0951170
       1000.8000    0.0920540
       1000.6000   -0.0184170
       1000.3999    0.0184040
       1000.2000    0.0168510
       1000.0000   -0.0613210
