       1914.0010   -0.0291422
       1914.0010   -0.0291422
       1913.6130   -0.0287741
       1913.2260   -0.0284060
       1912.8391   -0.0280379
       1912.4510   -0.0276698
       1912.0640   -0.0273017
       1911.6760   -0.0269335
       1911.2890   -0.0265654
       1910.9020   -0.0261973
       1910.5140   -0.0258292
       1910.1270   -0.0254611
       1909.7400   -0.0250930
       1909.3519   -0.0247249
       1908.9650   -0.0243568
       1908.5770   -0.0239886
       1908.1900   -0.0236205
       1907.8031   -0.0232524
       1907.4150   -0.0228843
       1907.0280   -0.0225162
       1906.6401   -0.0221481
       1906.2530   -0.0217800
       1905.8660   -0.0214119
       1905.4780   -0.0210437
       1905.4770    -0.131907
       1905.0890    -0.131539
       1904.7019    -0.131171
       1904.3150    -0.130802
       1903.9270    -0.130434
       1903.5410   -0.0192032
       1903.1540   -0.0188351
       1902.7669   -0.0184670
       1902.3790   -0.0180988
       1901.9920   -0.0177307
       1901.6050   -0.0173626
       1901.2170   -0.0169945
       1900.8300   -0.0166264
       1900.4420   -0.0162583
       1900.4411    -0.127121
       1900.0530    -0.126753
       1899.6660    -0.126385
       1899.2800   -0.0151540
       1898.8930   -0.0147858
       1898.5060   -0.0144177
       1898.1180   -0.0140496
       1897.7309   -0.0136815
       1897.3430   -0.0133134
       1896.9560   -0.0129453
       1896.5690   -0.0125772
       1896.1810   -0.0122091
       1895.7940   -0.0118409
       1895.7920    -0.122704
       1895.4051    -0.122336
       1895.0191   -0.0111047
       1894.6320   -0.0107366
       1894.2440   -0.0103685
       1894.2430    -0.121232
       1893.8550    -0.120863
       1893.4680    -0.120495
       1893.0809    -0.120127
       1892.6930    -0.119759
       1892.3060    -0.119391
       1891.9179    -0.119023
       1891.5310    -0.118655
       1891.1440    -0.118287
       1890.7560    -0.117919
       1890.3691    -0.117550
       1889.9820    -0.117182
       1889.5940    -0.116814
       1889.2070    -0.116446
       1888.8190    -0.116078
       1888.4320    -0.115710
       1888.0450    -0.115342
       1887.6570    -0.114974
       1887.2700    -0.114606
       1886.8830    -0.114238
       1886.4950    -0.113869
       1886.1080    -0.113501
       1885.7200    -0.113133
       1885.3329    -0.112765
       1884.9460    -0.112397
       1884.5580    -0.112029
       1884.1710    -0.111661
       1883.7841    -0.111293
       1883.3960    -0.110924
       1883.0090    -0.110556
       1882.6210    -0.110188
       1882.2340    -0.109820
       1881.8470    -0.109452
       1881.4590    -0.109084
       1881.0720    -0.108716
       1880.6860   0.00251543
       1880.2990   0.00288354
       1880.2969    -0.107980
       1879.9100    -0.107611
       1879.5220    -0.107243
       1879.1350    -0.106875
       1878.7481    -0.106507
       1878.3600    -0.106139
       1877.9730    -0.105771
       1877.5870   0.00546033
       1877.2000   0.00582844
       1876.8120   0.00619656
       1876.8110    -0.104667
       1876.4230    -0.104298
       1876.0360    -0.103930
       1875.6490    -0.103562
       1875.2609    -0.103194
       1874.8740    -0.102826
       1874.4870    -0.102458
       1874.0990    -0.102090
       1873.7119    -0.101722
       1873.3240    -0.101353
       1872.9370    -0.100985
       1872.5500    -0.100617
       1872.1620    -0.100249
       1871.7750   -0.0998811
       1871.3880   -0.0995130
       1871.0001   -0.0991449
       1870.6130   -0.0987768
       1870.2250   -0.0984086
       1869.8380   -0.0980405
       1869.4510   -0.0976724
       1869.0630   -0.0973043
       1868.6759   -0.0969362
       1868.2880   -0.0965681
       1867.9010   -0.0962000
       1867.5140   -0.0958319
       1867.1260   -0.0954638
       1866.7390   -0.0950956
       1866.3520   -0.0947275
       1865.9641   -0.0943594
       1865.5770   -0.0939913
       1865.1890   -0.0936232
       1864.8020   -0.0932551
       1864.4150   -0.0928870
       1864.0270   -0.0925189
       1863.6400   -0.0921507
       1863.2530   -0.0917826
       1862.8650   -0.0914145
       1862.4780   -0.0910464
       1862.0900   -0.0906783
       1861.7030   -0.0903102
       1861.3160   -0.0899421
       1860.9281   -0.0895740
       1860.5410   -0.0892059
       1860.1540   -0.0888377
       1859.7660   -0.0884696
       1859.3791   -0.0881015
       1858.9910   -0.0877334
       1858.6040   -0.0873653
       1858.2170   -0.0869972
       1857.8290   -0.0866291
       1857.4420   -0.0862610
       1857.0549   -0.0858928
       1856.6670   -0.0855247
       1856.2800   -0.0851566
       1855.8919   -0.0847885
       1855.5050   -0.0844204
       1855.1180   -0.0840523
       1854.7300   -0.0836842
       1854.3431   -0.0833161
       1853.9560   -0.0829479
       1853.5680   -0.0825798
       1853.1810   -0.0822117
       1852.7930   -0.0818436
       1852.4060   -0.0814755
       1852.0190   -0.0811074
       1851.6310   -0.0807393
       1851.2440   -0.0803712
       1850.8570   -0.0800030
       1850.4690   -0.0796349
       1850.0820   -0.0792668
       1849.6940   -0.0788987
       1849.3069   -0.0785306
       1848.9200   -0.0781625
       1848.5320   -0.0777944
       1848.1450   -0.0774263
       1847.7581   -0.0770582
       1847.3700   -0.0766900
       1846.9830   -0.0763219
       1846.5950   -0.0759538
       1846.2080   -0.0755857
       1845.8210   -0.0752176
       1845.4330   -0.0748495
       1845.0460   -0.0744814
       1844.6590   -0.0741132
       1844.2709   -0.0737451
       1843.8840   -0.0733770
       1843.4960   -0.0730089
       1843.1090   -0.0726408
       1842.7221   -0.0722727
       1842.3340   -0.0719046
       1841.9470   -0.0715365
       1841.5591   -0.0711683
       1841.1720   -0.0708002
       1840.7850   -0.0704321
       1840.3970   -0.0700640
       1840.0100   -0.0696959
       1839.6230   -0.0693278
       1839.2349   -0.0689597
       1838.8480   -0.0685916
       1838.4600   -0.0682234
       1838.0730   -0.0678553
       1837.6859   -0.0674872
       1837.2980   -0.0671191
       1836.9110   -0.0667510
       1836.5240   -0.0663829
       1836.1360   -0.0660148
       1835.7490   -0.0656467
       1835.3610   -0.0652786
       1834.9741   -0.0649104
       1834.5870   -0.0645423
       1834.1990   -0.0641742
       1833.8120   -0.0638061
       1833.4250   -0.0634380
       1833.0370   -0.0630699
       1832.6499   -0.0627018
       1832.2620   -0.0623337
       1831.8750   -0.0619656
       1831.4880   -0.0615974
       1831.1000   -0.0612293
       1830.7130   -0.0608612
       1830.3260   -0.0604931
       1829.9381   -0.0601250
       1829.5510   -0.0597569
       1829.1630   -0.0593888
       1828.7760   -0.0590206
       1828.3890   -0.0586525
       1828.0010   -0.0582844
       1827.6139   -0.0579163
       1827.2270   -0.0575482
       1826.8390   -0.0571801
       1826.4520   -0.0568120
       1826.0640   -0.0564439
       1825.6770   -0.0560758
       1825.2900   -0.0557076
       1824.9021   -0.0553395
       1824.5150   -0.0549714
       1824.1280   -0.0546033
       1823.7400   -0.0542352
       1823.3531   -0.0538671
       1822.9650   -0.0534990
       1822.5780   -0.0531309
       1822.1910   -0.0527627
       1821.8050    0.0584685
       1821.4180    0.0588366
       1821.0300    0.0592047
       1820.6429    0.0595728
       1820.2550    0.0599409
       1819.8680    0.0603090
       1819.4810    0.0606771
       1819.0930    0.0610453
       1818.7060    0.0614134
       1818.3200     0.172645
       1817.9330     0.173013
       1817.5460     0.173381
       1817.1600     0.284612
       1816.7731     0.284980
       1816.3850     0.285348
       1815.9980     0.285716
       1815.6101     0.286085
       1815.2230     0.286453
       1814.8360     0.286821
       1814.4480     0.287189
       1814.0610     0.287557
       1813.6750     0.398788
       1813.2880     0.399156
       1812.8999     0.399524
       1812.5130     0.399893
       1812.1270     0.511124
       1811.7400     0.511492
       1811.3540     0.622723
       1810.9670     0.623091
       1810.5810     0.734322
       1810.1940     0.734690
       1809.8069     0.735059
       1809.4209     0.846290
       1809.0340     0.846658
       1808.6480     0.957889
       1808.2610     0.958257
       1807.8750      1.06949
       1807.4880      1.06986
       1807.1001      1.07023
       1806.7141      1.18146
       1806.3290      1.29269
       1805.9410      1.29306
       1805.5561      1.40429
       1805.1680      1.40465
       1804.7841      1.62675
       1804.3970      1.62712
       1804.0100      1.62749
       1803.6259      1.84958
       1803.2380      1.84995
       1802.8530      1.96118
       1802.4670      2.07241
       1802.0810      2.18364
       1801.6959      2.29487
       1801.3140      2.62783
       1801.3120      2.51697
       1800.9260      2.62820
       1800.5420      2.85029
       1800.1580      3.07239
       1799.7800      3.62707
       1799.7780      3.51621
       1799.7760      3.40534
       1799.3900      3.51658
       1799.0060      3.73867
       1798.6211      3.84990
       1798.2370      4.07199
       1797.8510      4.18323
       1797.4660      4.29446
       1797.0830      4.62742
       1796.7010      4.96037
       1796.6990      4.84951
       1796.3190      5.29333
       1796.3170      5.18247
       1796.3150      5.07160
       1795.9419      5.95888
       1795.9400      5.84801
       1795.9369      5.62629
       1795.5530      5.84838
       1795.1760      6.51393
       1795.1740      6.40307
       1795.1720      6.29220
       1794.7930      6.84689
       1794.7921      6.73602
       1794.4061      6.84725
       1794.0290      7.51280
       1794.0270      7.40194
       1794.0260      7.29108
       1793.6480      7.95662
       1793.6471      7.84576
       1793.2611      7.95699
       1792.9010      9.73117
       1792.8990      9.62031
       1792.8960      9.39858
       1792.8910      9.06599
       1792.5100      9.50981
       1792.1300      9.95363
       1791.7460      10.1757
       1791.3690      10.8413
       1791.3671      10.7304
       1790.9940      11.6177
       1790.9920      11.5068
       1790.9880      11.2851
       1790.6179      12.3941
       1790.6160      12.2832
       1790.6150      12.1724
       1790.6100      11.8398
       1790.2451      13.2814
       1790.2430      13.1705
       1790.2390      12.9488
       1790.2330      12.5053
       1789.8690      14.0578
       1789.8670      13.9469
       1789.8639      13.7252
       1789.4820      14.0581
       1789.1270      16.1649
       1789.1250      16.0541
       1789.1240      15.9432
       1789.1200      15.7215
       1789.1120      15.1671
       1788.7520      16.9413
       1788.7501      16.8305
       1788.7470      16.6087
       1788.7410      16.2761
       1788.3641      16.9417
       1788.0030      18.6050
       1788.0009      18.4941
       1787.9990      18.3833
       1787.9961      18.1616
       1787.9890      17.7181
       1787.6379      20.0466
       1787.2500      20.0470
       1787.2490      19.9361
       1787.2400      19.3818
       1786.8850      21.4886
       1786.8840      21.3777
       1786.8800      21.1560
       1786.8730      20.7125
       1786.4910      21.0455
       1786.1500      24.0391
       1786.1480      23.9283
       1786.1450      23.7066
       1786.1400      23.3740
       1786.1290      22.7088
       1785.7881      25.7024
       1785.7870      25.5916
       1785.4199      26.9223
       1785.4180      26.8114
       1785.4170      26.7006
       1785.4130      26.4789
       1785.4040      25.9245
       1785.0260      26.4792
       1784.6740      28.8077
       1784.6730      28.6969
       1784.6709      28.5860
       1784.6680      28.3643
       1784.6590      27.8099
       1784.3130      30.4710
       1784.3111      30.3602
       1784.3090      30.2493
       1784.3040      29.9167
       1784.2940      29.2515
       1783.9100      29.4736
       1783.5780      33.0216
       1783.2090      34.2415
       1783.2071      34.1306
       1783.2040      33.9089
       1783.1970      33.4654
       1782.8220      34.2419
       1782.4880      37.6790
       1782.4860      37.5681
       1782.4841      37.4572
       1782.4790      37.1247
       1782.4690      36.4595
       1782.0970      37.4576
       1781.7540      40.3404
       1781.7520      40.2296
       1781.7510      40.1187
       1781.7470      39.8970
       1781.7390      39.3427
       1781.3630      40.1191
       1781.0240      43.2236
       1781.0220      43.1127
       1781.0190      42.8910
       1781.0121      42.4476
       1780.9980      41.5607
       1780.6710      45.4412
       1780.6690      45.3304
       1780.6669      45.2195
       1780.6640      44.9978
       1780.6571      44.5543
       1780.6430      43.6674
       1780.2720      44.6656
       1779.9439      48.5461
       1779.9430      48.4353
       1779.9410      48.3244
       1779.5841      50.3203
       1779.5830      50.2095
       1779.5790      49.9877
       1779.5740      49.6551
       1779.5640      48.9900
       1779.1950      50.2098
       1778.8301      51.6514
       1778.4630      52.9821
       1778.1310      56.5301
       1778.1210      55.8649
       1778.1190      55.7541
       1778.1160      55.5324
       1778.1100      55.1998
       1777.7280      55.5327
       1777.4010      59.4133
       1777.3989      59.3024
       1777.3960      59.0807
       1777.3890      58.6373
       1777.3770      57.8612
       1777.0120      59.3028
       1776.6330      59.8575
       1776.3211      64.7358
       1776.3200      64.6250
       1776.3180      64.5141
       1776.3129      64.1815
       1776.3040      63.6272
       1776.2870      62.5186
       1775.9240      64.0710
       1775.5570      65.4017
       1775.1920      66.8433
       1774.8220      67.9523
       1774.4740      70.5026
       1774.4720      70.3917
       1774.4700      70.2808
       1774.4670      70.0591
       1774.4600      69.6156
       1774.0850      70.3921
       1773.7139      71.5011
       1773.3430      72.4992
       1772.9710      73.4973
       1772.5940      74.1629
       1772.2180      74.9393
       1771.8410      75.6048
       1771.4829      77.4899
       1771.4810      77.3790
       1771.4800      77.2682
       1771.4760      77.0464
       1771.4680      76.4921
       1771.1110      78.4880
       1771.1090      78.3772
       1771.1080      78.2663
       1771.1040      78.0446
       1771.0969      77.6011
       1770.7220      78.3775
       1770.3410      78.8213
       1769.9590      79.1543
       1769.5800      79.7090
       1769.1979      80.0419
       1768.8130      80.1532
       1768.4350      80.8187
       1768.4340      80.7079
       1768.4300      80.4861
       1768.0550      81.2625
       1768.0531      81.1517
       1768.0500      80.9299
       1767.6660      81.1520
       1767.2890      81.8176
       1766.9050      82.0397
       1766.5230      82.3726
       1766.1370      82.4839
       1765.7580      83.0386
       1765.7560      82.9277
       1765.7551      82.8168
       1765.3691      82.9281
       1764.9900      83.4827
       1764.9890      83.3719
       1764.9870      83.2610
       1764.6030      83.4831
       1764.2210      83.8161
       1763.8350      83.9273
       1763.4490      84.0385
       1763.0640      84.1498
       1762.6760      84.1501
       1762.2910      84.2614
       1761.9030      84.2617
       1761.5180      84.3730
       1761.1350      84.7059
       1761.1340      84.5951
       1760.7460      84.5954
       1760.3610      84.7067
       1759.9750      84.8179
       1759.5890      84.9291
       1759.2040      85.0404
       1758.8160      85.0407
       1758.4291      85.0411
       1758.4270      84.9302
       1758.0400      84.9306
       1757.6520      84.9310
       1757.2670      85.0422
       1756.8790      85.0426
       1756.4920      85.0429
       1756.1049      85.0433
       1755.7170      85.0437
       1755.3300      85.0440
       1755.3281      84.9332
       1754.9410      84.9335
       1754.9390      84.8227
       1754.5520      84.8230
       1754.1640      84.8234
       1753.7770      84.8238
       1753.3900      84.8242
       1753.0020      84.8245
       1752.6150      84.8249
       1752.2280      84.8252
       1751.8400      84.8256
       1751.4530      84.8260
       1751.4510      84.7151
       1751.0639      84.7155
       1750.6760      84.7159
       1750.2910      84.8271
       1749.9030      84.8275
       1749.5160      84.8278
       1749.5140      84.7170
       1749.1270      84.7173
       1749.1250      84.6065
       1748.7381      84.6068
       1748.3500      84.6072
       1748.3490      84.4963
       1747.9610      84.4967
       1747.9590      84.3858
       1747.5719      84.3862
       1747.1850      84.3866
       1747.1830      84.2757
       1746.7960      84.2761
       1746.4080      84.2765
       1746.0210      84.2768
       1745.6340      84.2772
       1745.2461      84.2776
       1744.8590      84.2779
       1744.4710      84.2783
       1744.0860      84.3895
       1743.6980      84.3899
       1743.3110      84.3903
       1743.3090      84.2794
       1742.9219      84.2798
       1742.5350      84.2801
       1742.5330      84.1693
       1742.1449      84.1696
       1741.7580      84.1700
       1741.7560      84.0592
       1741.3690      84.0595
       1740.9850      84.2816
       1740.5980      84.2820
       1740.2101      84.2823
       1739.8230      84.2827
       1739.4350      84.2831
       1739.0480      84.2834
       1738.6611      84.2838
       1738.2730      84.2842
       1737.8880      84.3954
       1737.5000      84.3958
       1737.1130      84.3961
       1736.7260      84.3965
       1736.3380      84.3969
       1735.9509      84.3973
       1735.5630      84.3976
       1735.1780      84.5089
       1734.7900      84.5092
       1734.4030      84.5096
       1734.0170      84.6208
       1733.6299      84.6212
       1733.2430      84.6216
       1732.8550      84.6219
       1732.4680      84.6223
       1732.0820      84.7335
       1731.6951      84.7339
       1731.3070      84.7343
       1730.9200      84.7346
       1730.5330      84.7350
       1730.1450      84.7354
       1729.7601      84.8466
       1729.3770      85.1796
       1729.3760      85.0687
       1728.9881      85.0691
       1728.6030      85.1803
       1728.2170      85.2915
       1727.8301      85.2919
       1727.4420      85.2923
       1727.0581      85.5144
       1726.6710      85.5147
       1726.2850      85.6260
       1725.9001      85.7372
       1725.5120      85.7376
       1725.1250      85.7379
       1724.7390      85.8492
       1724.3520      85.8495
       1723.9640      85.8499
       1723.5770      85.8503
       1723.1899      85.8506
       1722.8020      85.8510
       1722.4150      85.8514
       1722.0290      85.9626
       1721.6440      86.0738
       1721.2560      86.0742
       1720.8689      86.0746
       1720.4829      86.1858
       1720.0960      86.1862
       1719.7080      86.1865
       1719.3210      86.1869
       1718.9350      86.2981
       1718.5481      86.2985
       1718.1610      86.2989
       1717.7730      86.2992
       1717.3860      86.2996
       1716.9991      86.3000
       1716.6110      86.3003
       1716.2240      86.3007
       1715.8360      86.3011
       1715.4490      86.3014
       1715.4469      86.1906
       1715.0600      86.1909
       1714.6730      86.1913
       1714.2850      86.1917
       1713.8979      86.1920
       1713.5100      86.1924
       1713.1230      86.1928
       1712.7360      86.1932
       1712.7340      86.0823
       1712.3470      86.0827
       1711.9590      86.0830
       1711.9581      85.9722
       1711.5700      85.9725
       1711.1830      85.9729
       1710.7950      85.9733
       1710.4080      85.9736
       1710.0210      85.9740
       1710.0190      85.8631
       1709.6320      85.8635
       1709.2440      85.8639
       1708.8571      85.8643
       1708.8550      85.7534
       1708.4680      85.7538
       1708.4661      85.6429
       1708.0790      85.6433
       1708.0770      85.5324
       1708.0750      85.4215
       1707.6880      85.4219
       1707.2999      85.4223
       1707.2990      85.3114
       1706.9110      85.3118
       1706.5240      85.3121
       1706.1369      85.3125
       1706.1350      85.2017
       1705.7470      85.2020
       1705.3601      85.2024
       1705.3580      85.0915
       1704.9710      85.0919
       1704.5840      85.0923
       1704.5820      84.9814
       1704.1950      84.9818
       1703.8070      84.9821
       1703.4200      84.9825
       1703.4180      84.8716
       1703.0309      84.8720
       1702.6430      84.8724
       1702.6420      84.7615
       1702.2541      84.7619
       1702.2520      84.6510
       1702.2510      84.5402
       1701.8631      84.5405
       1701.8600      84.3188
       1701.4730      84.3192
       1701.4710      84.2083
       1701.0829      84.2087
       1701.0820      84.0978
       1700.6940      84.0982
       1700.6930      83.9873
       1700.3050      83.9877
       1700.3040      83.8768
       1699.9160      83.8772
       1699.9140      83.7663
       1699.5270      83.7667
       1699.5250      83.6558
       1699.1380      83.6562
       1699.1360      83.5453
       1699.1349      83.4345
       1698.7470      83.4348
       1698.7450      83.3240
       1698.3581      83.3243
       1698.3560      83.2135
       1697.9690      83.2138
       1697.5820      83.2142
       1697.1940      83.2146
       1696.8070      83.2149
       1696.4190      83.2153
       1696.4180      83.1044
       1696.0300      83.1048
       1696.0289      82.9939
       1695.6410      82.9943
       1695.6400      82.8835
       1695.6379      82.7726
       1695.2500      82.7730
       1694.8630      82.7733
       1694.8611      82.6625
       1694.4740      82.6628
       1694.4720      82.5520
       1694.0850      82.5523
       1694.0830      82.4415
       1693.6960      82.4418
       1693.3080      82.4422
       1692.9210      82.4426
       1692.9190      82.3317
       1692.5319      82.3321
       1692.5300      82.2212
       1692.1430      82.2216
       1692.1411      82.1107
       1691.7540      82.1111
       1691.3660      82.1115
       1691.3650      82.0006
       1690.9770      82.0010
       1690.5900      82.0013
       1690.2030      82.0017
       1690.2010      81.8908
       1689.8130      81.8912
       1689.4259      81.8916
       1689.0390      81.8920
       1689.0370      81.7811
       1688.6500      81.7814
       1688.6480      81.6706
       1688.2610      81.6710
       1687.8730      81.6713
       1687.8710      81.5605
       1687.4840      81.5608
       1687.0970      81.5612
       1687.0950      81.4503
       1686.7080      81.4507
       1686.3199      81.4511
       1686.3180      81.3402
       1685.9310      81.3406
       1685.5440      81.3410
       1685.1560      81.3413
       1684.7690      81.3417
       1684.3820      81.3420
       1683.9941      81.3424
       1683.9930      81.2316
       1683.6050      81.2319
       1683.6030      81.1211
       1683.2160      81.1214
       1683.2139      81.0106
       1682.8270      81.0109
       1682.4400      81.0113
       1682.0520      81.0117
       1681.6670      81.1229
       1681.2789      81.1233
       1680.8920      81.1236
       1680.5040      81.1240
       1680.1170      81.1244
       1680.1150      81.0135
       1679.7280      81.0139
       1679.3410      81.0143
       1678.9531      81.0146
       1678.5660      81.0150
       1678.1780      81.0154
       1677.7930      81.1266
       1677.4050      81.1270
       1677.0180      81.1273
       1676.6320      81.2385
       1676.2470      81.3498
       1675.8590      81.3502
       1675.4740      81.4614
       1675.0860      81.4617
       1674.6989      81.4621
       1674.3120      81.4625
       1673.9240      81.4629
       1673.5370      81.4632
       1673.1530      81.6853
       1672.7650      81.6857
       1672.3779      81.6861
       1671.9910      81.6864
       1671.6050      81.7977
       1671.2180      81.7980
       1670.8320      81.9092
       1670.4450      81.9096
       1670.0571      81.9100
       1669.6700      81.9103
       1669.2840      82.0216
       1668.8970      82.0219
       1668.5110      82.1332
       1668.1240      82.1336
       1667.7361      82.1339
       1667.3490      82.1343
       1666.9630      82.2455
       1666.5781      82.3568
       1666.1900      82.3571
       1665.8050      82.4684
       1665.4190      82.5796
       1665.0320      82.5799
       1664.6440      82.5803
       1664.2600      82.8024
       1663.8730      82.8028
       1663.4870      82.9140
       1663.1000      82.9144
       1662.7131      82.9147
       1662.3271      83.0260
       1661.9400      83.0264
       1661.5540      83.1376
       1661.1660      83.1379
       1660.7790      83.1383
       1660.3930      83.2495
       1660.0060      83.2499
       1659.6220      83.4720
       1659.2350      83.4724
       1658.8490      83.5836
       1658.4630      83.6948
       1658.0780      83.8061
       1657.6920      83.9173
       1657.3060      84.0285
       1656.9190      84.0289
       1656.5320      84.0293
       1656.1480      84.2514
       1655.7600      84.2517
       1655.3750      84.3630
       1654.9890      84.4742
       1654.6021      84.4746
       1654.2140      84.4749
       1653.8270      84.4753
       1653.4410      84.5865
       1653.0540      84.5869
       1652.6670      84.5873
       1652.2810      84.6985
       1651.8940      84.6989
       1651.5059      84.6992
       1651.1199      84.8105
       1650.7330      84.8108
       1650.3470      84.9221
       1649.9600      84.9224
       1649.5730      84.9228
       1649.1870      85.0340
       1648.8000      85.0344
       1648.4140      85.1456
       1648.0269      85.1460
       1647.6409      85.2572
       1647.2540      85.2576
       1646.8680      85.3688
       1646.4810      85.3692
       1646.0980      85.7022
       1646.0969      85.5913
       1645.7090      85.5917
       1645.3240      85.7029
       1644.9380      85.8141
       1644.5510      85.8145
       1644.1630      85.8149
       1643.7761      85.8152
       1643.3880      85.8156
       1643.0030      85.9268
       1642.6150      85.9272
       1642.2280      85.9276
       1641.8411      85.9279
       1641.4570      86.1500
       1641.0691      86.1504
       1640.6840      86.2616
       1640.2960      86.2620
       1639.9140      86.5949
       1639.9120      86.4841
       1639.5251      86.4845
       1639.1410      86.7066
       1638.7540      86.7069
       1638.3660      86.7073
       1637.9790      86.7076
       1637.5910      86.7080
       1637.2060      86.8193
       1636.8181      86.8196
       1636.8170      86.7088
       1636.4290      86.7091
       1636.0440      86.8204
       1635.6560      86.8207
       1635.2710      86.9320
       1634.8850      87.0432
       1634.4980      87.0436
       1634.1100      87.0439
       1633.7230      87.0443
       1633.3370      87.1555
       1632.9499      87.1559
       1632.5620      87.1563
       1632.1750      87.1566
       1631.7910      87.3787
       1631.4040      87.3791
       1631.0160      87.3795
       1630.6310      87.4907
       1630.2429      87.4911
       1629.8560      87.4914
       1629.4690      87.4918
       1629.0810      87.4922
       1628.6960      87.6034
       1628.3100      87.7146
       1627.9230      87.7150
       1627.5350      87.7154
       1627.1490      87.8266
       1626.7660      88.0487
       1626.3781      88.0490
       1625.9910      88.0494
       1625.6050      88.1607
       1625.2180      88.1610
       1624.8300      88.1614
       1624.4431      88.1618
       1624.0560      88.1621
       1623.6700      88.2734
       1623.2830      88.2737
       1622.8950      88.2741
       1622.5110      88.4962
       1622.1240      88.4966
       1621.7380      88.6078
       1621.3510      88.6082
       1620.9630      88.6085
       1620.5781      88.7197
       1620.1900      88.7201
       1619.8030      88.7205
       1619.4160      88.7209
       1619.0280      88.7212
       1618.6410      88.7216
       1618.2539      88.7220
       1617.8660      88.7223
       1617.4790      88.7227
       1617.0909      88.7231
       1617.0900      88.6122
       1616.7020      88.6126
       1616.3170      88.7238
       1615.9290      88.7242
       1615.5421      88.7245
       1615.1550      88.7249
       1614.7670      88.7253
       1614.3820      88.8365
       1613.9940      88.8369
       1613.6070      88.8372
       1613.2190      88.8376
       1612.8320      88.8380
       1612.4450      88.8383
       1612.0570      88.8387
       1611.6700      88.8391
       1611.2829      88.8394
       1610.8950      88.8398
       1610.5080      88.8402
       1610.1201      88.8406
       1609.7330      88.8409
       1609.3460      88.8413
       1608.9580      88.8417
       1608.5711      88.8420
       1608.1840      88.8424
       1607.7980      88.9536
       1607.4100      88.9540
       1607.0250      89.0652
       1606.6370      89.0656
       1606.6360      88.9547
       1606.2480      88.9551
       1605.8609      88.9555
       1605.4740      88.9558
       1605.4720      88.8450
       1605.0839      88.8453
       1604.6970      88.8457
       1604.6950      88.7348
       1604.3080      88.7352
       1604.3060      88.6244
       1604.3050      88.5135
       1603.9170      88.5139
       1603.5300      88.5142
       1603.1420      88.5146
       1603.1410      88.4037
       1602.7530      88.4041
       1602.3660      88.4045
       1601.9790      88.4048
       1601.5910      88.4052
       1601.2040      88.4056
       1600.8160      88.4059
       1600.4291      88.4063
       1600.0420      88.4067
       1599.6540      88.4070
       1599.2670      88.4074
       1599.2650      88.2965
       1599.2640      88.1857
       1598.8760      88.1861
       1598.4890      88.1864
       1598.4870      88.0756
       1598.0999      88.0759
       1597.7120      88.0763
       1597.3250      88.0767
       1597.3229      87.9658
       1596.9360      87.9662
       1596.5480      87.9665
       1596.1610      87.9669
       1595.7741      87.9673
       1595.3860      87.9676
       1594.9990      87.9680
       1594.6120      87.9684
       1594.2240      87.9687
       1593.8370      87.9691
       1593.8350      87.8583
       1593.4480      87.8586
       1593.4460      87.7477
       1593.0589      87.7481
       1592.6710      87.7485
       1592.2840      87.7489
       1591.8970      87.7492
       1591.5090      87.7496
       1591.1220      87.7500
       1590.7340      87.7503
       1590.7331      87.6395
       1590.3450      87.6398
       1589.9580      87.6402
       1589.9560      87.5293
       1589.5690      87.5297
       1589.5669      87.4189
       1589.1800      87.4192
       1588.7920      87.4196
       1588.4050      87.4200
       1588.0190      87.5312
       1587.6319      87.5315
       1587.2459      87.6428
       1586.8590      87.6432
       1586.4720      87.6435
       1586.4700      87.5327
       1586.0820      87.5330
       1585.6950      87.5334
       1585.3080      87.5338
       1584.9200      87.5341
       1584.5330      87.5345
       1584.5309      87.4236
       1584.1440      87.4240
       1584.1420      87.3131
       1583.7550      87.3135
       1583.3690      87.4247
       1582.9819      87.4251
       1582.5940      87.4255
       1582.2070      87.4258
       1581.8200      87.4262
       1581.4340      87.5374
       1581.0471      87.5378
       1580.6590      87.5382
       1580.2720      87.5385
       1579.8841      87.5389
       1579.8830      87.4280
       1579.4950      87.4284
       1579.1080      87.4288
       1578.7210      87.4292
       1578.3330      87.4295
       1578.3310      87.3187
       1577.9440      87.3190
       1577.5570      87.3194
       1577.5549      87.2085
       1577.1680      87.2089
       1576.7800      87.2093
       1576.3930      87.2096
       1576.0070      87.3209
       1575.6201      87.3212
       1575.2320      87.3216
       1574.8450      87.3220
       1574.4580      87.3223
       1574.0700      87.3227
       1573.6830      87.3231
       1573.2960      87.3234
       1573.2940      87.2126
       1572.9060      87.2130
       1572.5189      87.2133
       1572.5170      87.1024
       1572.1300      87.1028
       1572.1281      86.9920
       1571.7410      86.9923
       1571.3540      86.9927
       1571.3520      86.8818
       1570.9640      86.8822
       1570.5770      86.8826
       1570.5750      86.7717
       1570.5740      86.6608
       1570.1860      86.6612
       1570.1849      86.5503
       1569.7970      86.5507
       1569.7950      86.4398
       1569.4081      86.4402
       1569.0210      86.4406
       1569.0190      86.3297
       1568.6320      86.3301
       1568.2440      86.3305
       1568.2420      86.2196
       1567.8550      86.2200
       1567.8530      86.1091
       1567.4660      86.1095
       1567.0789      86.1098
       1566.6910      86.1102
       1566.6900      85.9993
       1566.3019      85.9997
       1566.3000      85.8888
       1566.2990      85.7780
       1565.9111      85.7784
       1565.9080      85.5566
       1565.5210      85.5570
       1565.5169      85.3353
       1565.1300      85.3356
       1565.1280      85.2248
       1564.7410      85.2251
       1564.7390      85.1143
       1564.3520      85.1146
       1564.3500      85.0038
       1563.9620      85.0042
       1563.5750      85.0045
       1563.5730      84.8937
       1563.5720      84.7828
       1563.1840      84.7832
       1562.7970      84.7835
       1562.7950      84.6727
       1562.7930      84.5618
       1562.4059      84.5622
       1562.4030      84.3404
       1562.0151      84.3408
       1562.0140      84.2299
       1561.6260      84.2303
       1561.6241      84.1195
       1561.2370      84.1198
       1561.2350      84.0090
       1560.8480      84.0093
       1560.8460      83.8985
       1560.8450      83.7876
       1560.4570      83.7880
       1560.4550      83.6771
       1560.0680      83.6775
       1560.0650      83.4557
       1559.6770      83.4561
       1559.6761      83.3453
       1559.2880      83.3456
       1559.2860      83.2348
       1558.8990      83.2351
       1558.8970      83.1243
       1558.8940      82.9025
       1558.5070      82.9029
       1558.5030      82.6812
       1558.1160      82.6815
       1558.1141      82.5707
       1558.1120      82.4598
       1557.7250      82.4602
       1557.7230      82.3493
       1557.3360      82.3497
       1557.3339      82.2388
       1556.9470      82.2392
       1556.9450      82.1283
       1556.5580      82.1287
       1556.5560      82.0178
       1556.1690      82.0182
       1556.1670      81.9073
       1556.1650      81.7965
       1555.7780      81.7969
       1555.7760      81.6860
       1555.3890      81.6864
       1555.3850      81.4646
       1554.9980      81.4650
       1554.9960      81.3541
       1554.6089      81.3545
       1554.6070      81.2436
       1554.2200      81.2440
       1554.2181      81.1331
       1554.2160      81.0223
       1553.8290      81.0227
       1553.8250      80.8009
       1553.4379      80.8013
       1553.4360      80.6904
       1553.0490      80.6908
       1553.0469      80.5799
       1552.6600      80.5803
       1552.6580      80.4694
       1552.2710      80.4698
       1552.2690      80.3589
       1551.8820      80.3593
       1551.8800      80.2485
       1551.4930      80.2488
       1551.1050      80.2492
       1551.1030      80.1383
       1550.7160      80.1387
       1550.3290      80.1391
       1549.9409      80.1394
       1549.5540      80.1398
       1549.5520      80.0289
       1549.1650      80.0293
       1548.7770      80.0297
       1548.3900      80.0300
       1548.3880      79.9192
       1548.0011      79.9195
       1547.9980      79.6978
       1547.6120      79.8091
       1547.2240      79.8094
       1547.2230      79.6985
       1546.8349      79.6989
       1546.4480      79.6993
       1546.0610      79.6997
       1546.0590      79.5888
       1545.6721      79.5892
       1545.2840      79.5895
       1544.9020      79.9225
       1544.8999      79.8116
       1544.5130      79.8120
       1544.1270      79.9232
       1543.7400      79.9236
       1543.3540      80.0348
       1542.9690      80.1460
       1542.5810      80.1464
       1542.1950      80.2577
       1541.8080      80.2580
       1541.4259      80.5910
       1541.4240      80.4801
       1541.0370      80.4805
       1540.6560      80.9243
       1540.6550      80.8134
       1540.2690      80.9247
       1539.8819      80.9250
       1539.4980      81.1471
       1539.1120      81.2584
       1538.7310      81.7022
       1538.7300      81.5913
       1538.7280      81.4805
       1538.3490      82.0351
       1538.3470      81.9243
       1538.3461      81.8134
       1537.9601      81.9247
       1537.5780      82.2576
       1537.1940      82.4797
       1536.8080      82.5909
       1536.4280      83.0348
       1536.4259      82.9239
       1536.0420      83.1460
       1535.6550      83.1463
       1535.2740      83.5902
       1535.2730      83.4793
       1534.8870      83.5905
       1534.5050      83.9235
       1534.1190      84.0347
       1533.7380      84.4786
       1533.7369      84.3677
       1533.3509      84.4789
       1532.9649      84.5901
       1532.5871      85.1448
       1532.5850      85.0340
       1532.1990      85.1452
       1531.8151      85.3673
       1531.4300      85.4785
       1531.0510      86.0332
       1531.0490      85.9223
       1531.0470      85.8115
       1530.6630      86.0336
       1530.2800      86.2557
       1529.8940      86.3669
       1529.5150      86.9216
       1529.5130      86.8107
       1529.5120      86.6999
       1529.1260      86.8111
       1528.7420      87.0332
       1528.3620      87.4770
       1528.3600      87.3661
       1527.9720      87.3665
       1527.5890      87.5886
       1527.2030      87.6998
       1526.8151      87.7002
       1526.4330      88.0332
       1526.4320      87.9223
       1526.0460      88.0335
       1525.6590      88.0339
       1525.2759      88.3669
       1524.8890      88.3672
       1524.5050      88.5893
       1524.1179      88.5897
       1523.7319      88.7009
       1523.3459      88.8121
       1522.9640      89.1451
       1522.9620      89.0342
       1522.5770      89.1455
       1522.1910      89.2567
       1521.8050      89.3679
       1521.4200      89.4792
       1521.0340      89.5904
       1520.6470      89.5908
       1520.2630      89.8129
       1519.8750      89.8132
       1519.8740      89.7024
       1519.8720      89.5915
       1519.4850      89.5919
       1519.0970      89.5922
       1519.0949      89.4814
       1518.7080      89.4818
       1518.7060      89.3709
       1518.3190      89.3712
       1518.3170      89.2604
       1517.9300      89.2608
       1517.5440      89.3720
       1517.1570      89.3724
       1516.7710      89.4836
       1516.3840      89.4840
       1516.3820      89.3731
       1515.9950      89.3735
       1515.9930      89.2626
       1515.6060      89.2630
       1515.6040      89.1521
       1515.6020      89.0412
       1515.2150      89.0416
       1514.8270      89.0420
       1514.4399      89.0423
       1514.0530      89.0427
       1513.6670      89.1539
       1513.2800      89.1543
       1512.8920      89.1547
       1512.8911      89.0438
       1512.5030      89.0442
       1512.1160      89.0445
       1512.1140      88.9337
       1511.7270      88.9341
       1511.7249      88.8232
       1511.3380      88.8236
       1510.9500      88.8239
       1510.5630      88.8243
       1510.1750      88.8247
       1510.1740      88.7138
       1509.7860      88.7142
       1509.7851      88.6033
       1509.3970      88.6037
       1509.3960      88.4928
       1509.0080      88.4932
       1509.0060      88.3823
       1508.6190      88.3827
       1508.6170      88.2718
       1508.2300      88.2722
       1507.8430      88.2726
       1507.4550      88.2729
       1507.4540      88.1621
       1507.0660      88.1624
       1507.0640      88.0516
       1506.6770      88.0519
       1506.6750      87.9411
       1506.6741      87.8302
       1506.2860      87.8306
       1506.2850      87.7197
       1505.8970      87.7201
       1505.8950      87.6092
       1505.5079      87.6096
       1505.1210      87.6100
       1505.1190      87.4991
       1504.7320      87.4995
       1504.7300      87.3886
       1504.7280      87.2777
       1504.3410      87.2781
       1504.3390      87.1672
       1503.9520      87.1676
       1503.9500      87.0567
       1503.9480      86.9459
       1503.5610      86.9463
       1503.5590      86.8354
       1503.5540      86.5028
       1503.1670      86.5032
       1503.1610      86.1706
       1502.7740      86.1710
       1502.7690      85.8384
       1502.3820      85.8387
       1502.3800      85.7279
       1502.3760      85.5061
       1501.9890      85.5065
       1501.9870      85.3956
       1501.9860      85.2848
       1501.5980      85.2851
       1501.5950      85.0634
       1501.2070      85.0638
       1501.2060      84.9529
       1501.2010      84.6203
       1500.8130      84.6207
       1500.8060      84.1773
       1500.4190      84.1776
       1500.4170      84.0668
       1500.4050      83.2907
       1500.0180      83.2911
       1500.0020      82.2933
       1499.6150      82.2937
       1499.6060      81.7394
       1499.2189      81.7397
       1499.2170      81.6289
       1499.2100      81.1854
       1498.8230      81.1858
       1498.8210      81.0749
       1498.4339      81.0753
       1498.4320      80.9644
       1498.4270      80.6318
       1498.0400      80.6322
       1498.0360      80.4105
       1498.0310      80.0779
       1497.6439      80.0783
       1497.6420      79.9674
       1497.6320      79.3022
       1497.2440      79.3026
       1497.2430      79.1917
       1497.2250      78.0831
       1496.8380      78.0835
       1496.8359      77.9726
       1496.8230      77.0857
       1496.4350      77.0861
       1496.4330      76.9752
       1496.4200      76.0883
       1496.0320      76.0887
       1496.0310      75.9778
       1496.0190      75.2018
       1495.6310      75.2021
       1495.6300      75.0913
       1495.6210      74.5369
       1495.2340      74.5373
       1495.2320      74.4265
       1495.2220      73.7613
       1494.8339      73.7616
       1494.8320      73.6508
       1494.8190      72.7639
       1494.4310      72.7642
       1494.4140      71.6556
       1494.0270      71.6560
       1494.0079      70.4365
       1493.6200      70.4369
       1493.6190      70.3260
       1493.6171      70.2151
       1493.6030      69.3282
       1493.2160      69.3286
       1493.1990      68.2200
       1492.8110      68.2203
       1492.7920      67.0008
       1492.4051      67.0012
       1492.4030      66.8903
       1492.3860      65.7817
       1491.9990      65.7821
       1491.9970      65.6712
       1491.9820      64.6734
       1491.5940      64.6738
       1491.5810      63.7869
       1491.1931      63.7873
       1491.1910      63.6764
       1491.1740      62.5678
       1490.7870      62.5681
       1490.7850      62.4573
       1490.7650      61.1269
       1490.3769      61.1273
       1490.3740      60.9056
       1490.3530      59.5752
       1489.9660      59.5756
       1489.9640      59.4647
       1489.9499      58.5778
       1489.5630      58.5782
       1489.5390      57.0261
       1489.1510      57.0265
       1489.1500      56.9156
       1489.1360      56.0287
       1488.7490      56.0291
       1488.7450      55.8073
       1488.7331      55.0313
       1488.3460      55.0317
       1488.3440      54.9208
       1488.3270      53.8122
       1487.9400      53.8125
       1487.9380      53.7017
       1487.9360      53.5908
       1487.9140      52.1496
       1487.5261      52.1500
       1487.5250      52.0391
       1487.5230      51.9282
       1487.5020      50.5979
       1487.1150      50.5982
       1487.1130      50.4874
       1487.0960      49.3787
       1486.7090      49.3791
       1486.7070      49.2682
       1486.6951      48.4922
       1486.3080      48.4926
       1486.2961      47.7165
       1485.9080      47.7169
       1485.9060      47.6060
       1485.8960      46.9409
       1485.5090      46.9412
       1485.5050      46.7195
       1485.4929      45.9435
       1485.1060      45.9438
       1485.1040      45.8330
       1485.1030      45.7221
       1485.0841      44.5026
       1484.6960      44.5030
       1484.6950      44.3921
       1484.6931      44.2812
       1484.6760      43.1726
       1484.2880      43.1730
       1484.2710      42.0644
       1483.8840      42.0647
       1483.8790      41.7321
       1483.8610      40.6235
       1483.4740      40.6239
       1483.4690      40.2913
       1483.0810      40.2917
       1483.0800      40.1808
       1483.0760      39.9591
       1482.6890      39.9594
       1482.6870      39.8486
       1482.6770      39.1834
       1482.2900      39.1838
       1482.2760      38.2969
       1481.8881      38.2972
       1481.8870      38.1864
       1481.8850      38.0755
       1481.8690      37.0777
       1481.4820      37.0781
       1481.4800      36.9672
       1481.4670      36.0803
       1481.0790      36.0807
       1481.0780      35.9698
       1481.0660      35.1938
       1480.6780      35.1942
       1480.6750      34.9724
       1480.6629      34.1964
       1480.2750      34.1968
       1480.2650      33.5316
       1479.8779      33.5320
       1479.8760      33.4211
       1479.8690      32.9776
       1479.4821      32.9780
       1479.4800      32.8671
       1479.4730      32.4237
       1479.0860      32.4241
       1479.0770      31.8697
       1478.6900      31.8701
       1478.6850      31.5375
       1478.6730      30.7615
       1478.2850      30.7618
       1478.2780      30.3184
       1477.8910      30.3188
       1477.8889      30.2079
       1477.8880      30.0970
       1477.8790      29.5427
       1477.4920      29.5431
       1477.4899      29.4322
       1477.4780      28.6562
       1477.0900      28.6565
       1477.0890      28.5457
       1477.0820      28.1022
       1476.6940      28.1026
       1476.6930      27.9917
       1476.6910      27.8809
       1476.6860      27.5483
       1476.2980      27.5487
       1476.2920      27.1052
       1475.9040      27.1056
       1475.9030      26.9947
       1475.9010      26.8838
       1475.8900      26.2187
       1475.5030      26.2190
       1475.5009      26.1082
       1475.4930      25.5539
       1475.1050      25.5542
       1475.0969      24.9999
       1474.7090      25.0003
       1474.7080      24.8894
       1474.6970      24.2242
       1474.3100      24.2246
       1474.3030      23.7812
       1473.9161      23.7815
       1473.9140      23.6707
       1473.9120      23.5598
       1473.9070      23.2272
       1473.5200      23.2276
       1473.5180      23.1167
       1473.5160      23.0058
       1473.5100      22.5624
       1473.1220      22.5628
       1473.1200      22.4519
       1473.1120      21.8976
       1472.7240      21.8979
       1472.7210      21.6762
       1472.7120      21.1219
       1472.3250      21.1223
       1472.3229      21.0114
       1472.3200      20.7897
       1472.3130      20.3462
       1471.9260      20.3466
       1471.9239      20.2357
       1471.9170      19.7923
       1471.5300      19.7927
       1471.5281      19.6818
       1471.5160      18.9058
       1471.1289      18.9061
       1471.1270      18.7952
       1471.1180      18.2409
       1470.7310      18.2413
       1470.7290      18.1304
       1470.7240      17.7978
       1470.3370      17.7982
       1470.3350      17.6874
       1470.3300      17.3548
       1469.9420      17.3551
       1469.9390      17.1334
       1469.9301      16.5791
       1469.5430      16.5795
       1469.5400      16.3577
       1469.5330      15.9143
       1469.1451      15.9146
       1469.1440      15.8038
       1469.1420      15.6929
       1469.1330      15.1386
       1468.7459      15.1390
       1468.7440      15.0281
       1468.7420      14.9172
       1468.7320      14.2521
       1468.3450      14.2524
       1468.3430      14.1416
       1468.3350      13.5873
       1467.9470      13.5876
       1467.9450      13.4768
       1467.9370      12.9225
       1467.5490      12.9228
       1467.5480      12.8120
       1467.5440      12.5902
       1467.1570      12.5906
       1467.1550      12.4797
       1467.1520      12.2580
       1466.7640      12.2584
       1466.7630      12.1475
       1466.7590      11.9258
       1466.7521      11.4823
       1466.3650      11.4827
       1466.3630      11.3718
       1466.3620      11.2610
       1466.3510      10.5958
       1465.9640      10.5962
       1465.9600      10.3744
       1465.9539      9.93099
       1465.5660      9.93136
       1465.5640      9.82050
       1465.5610      9.59877
       1465.1740      9.59914
       1465.1721      9.48827
       1465.1620      8.82310
       1464.7740      8.82346
       1464.7690      8.49088
       1464.3821      8.49124
       1464.3800      8.38038
       1464.3770      8.15865
       1463.9890      8.15902
       1463.9870      8.04816
       1463.9820      7.71557
       1463.5950      7.71594
       1463.5930      7.60507
       1463.5860      7.16162
       1463.1990      7.16199
       1463.1970      7.05113
       1463.1900      6.60768
       1462.8030      6.60804
       1462.8010      6.49718
       1462.7960      6.16459
       1462.4090      6.16496
       1462.4070      6.05409
       1462.4020      5.72151
       1462.0150      5.72187
       1462.0130      5.61101
       1462.0090      5.38929
       1461.6220      5.38965
       1461.6190      5.16793
       1461.2310      5.16829
       1461.2290      5.05743
       1461.2280      4.94657
       1460.8400      4.94694
       1460.8390      4.83607
       1460.8350      4.61435
       1460.4480      4.61472
       1460.4460      4.50385
       1460.4430      4.28213
       1460.0550      4.28249
       1460.0520      4.06077
       1459.6640      4.06114
       1459.6610      3.83941
       1459.2741      3.83978
       1459.2720      3.72891
       1459.2700      3.61805
       1458.8830      3.61842
       1458.8810      3.50756
       1458.8780      3.28583
       1458.4900      3.28620
       1458.4889      3.17534
       1458.1000      3.06484
       1458.0981      2.95398
       1457.7100      2.95435
       1457.7090      2.84348
       1457.7070      2.73262
       1457.3200      2.73299
       1457.3179      2.62212
       1456.9310      2.62249
       1456.9290      2.51163
       1456.5409      2.51200
       1456.5400      2.40113
       1456.5380      2.29027
       1456.1510      2.29064
       1456.1490      2.17978
       1455.7620      2.18014
       1455.7600      2.06928
       1455.7580      1.95842
       1455.3710      1.95879
       1454.9830      1.95915
       1454.9820      1.84829
       1454.5940      1.84866
       1454.5929      1.73780
       1454.2050      1.73816
       1454.2030      1.62730
       1453.8161      1.62767
       1453.8140      1.51681
       1453.4270      1.51717
       1453.4250      1.40631
       1453.0380      1.40668
       1453.0360      1.29582
       1452.6490      1.29618
       1452.2610      1.29655
       1452.2600      1.18569
       1451.8720      1.18606
       1451.4850      1.18642
       1451.4830      1.07556
       1451.0961      1.07593
       1451.0940     0.965067
       1450.7070     0.965436
       1450.3191     0.965804
       1450.3180     0.854940
       1449.9300     0.855309
       1449.5430     0.855677
       1449.5410     0.744814
       1449.1540     0.745182
       1448.7660     0.745550
       1448.3790     0.745918
       1448.3770     0.635055
       1447.9899     0.635423
       1447.6030     0.635791
       1447.6010     0.524928
       1447.2131     0.525296
       1446.8260     0.525664
       1446.4390     0.526032
       1446.0510     0.526400
       1445.6640     0.526769
       1445.2770     0.527137
       1445.2749     0.416274
       1444.8870     0.416642
       1444.5000     0.417010
       1444.4979     0.306147
       1444.1110     0.306515
       1443.7240     0.306883
       1443.7220     0.196020
       1443.3351     0.196388
       1442.9470     0.196756
       1442.5600     0.197124
       1442.1721     0.197492
       1441.7850     0.197860
       1441.3980     0.198228
       1441.0100     0.198597
       1440.6230     0.198965
       1440.2360     0.199333
       1439.8479     0.199701
       1439.8460    0.0888377
       1439.4590    0.0892059
       1439.0720    0.0895740
       1438.6840    0.0899421
       1438.2970    0.0903102
       1437.9100    0.0906783
       1437.5221    0.0910464
       1437.5200   -0.0198167
       1437.1330   -0.0194486
       1436.7460   -0.0190805
       1436.3580   -0.0187124
       1435.9710   -0.0183443
       1435.5839   -0.0179761
       1435.1960   -0.0176080
       1434.8090   -0.0172399
       1434.4209   -0.0168718
       1434.0340   -0.0165037
       1433.6470   -0.0161356
       1433.2590   -0.0157675
       1432.8721   -0.0153994
       1432.4850   -0.0150313
       1432.0970   -0.0146631
       1431.7100   -0.0142950
       1431.3220   -0.0139269
       1430.9350   -0.0135588
       1430.5480   -0.0131907
       1430.1600   -0.0128226
       1429.7730   -0.0124545
       1429.3860   -0.0120863
       1428.9980   -0.0117182
       1428.6110   -0.0113501
       1428.2230   -0.0109820
       1427.8359   -0.0106139
       1427.4490   -0.0102458
       1427.0610  -0.00987768
       1426.6740  -0.00950956
       1426.2871  -0.00914145
       1425.8990  -0.00877334
       1425.5120  -0.00840523
       1425.1240  -0.00803712
       1424.7370  -0.00766900
       1424.3500  -0.00730089
       1423.9620  -0.00693278
       1423.5750  -0.00656467
       1423.1880  -0.00619656
       1422.7999  -0.00582844
       1422.4130  -0.00546033
       1422.0250  -0.00509222
       1421.6380  -0.00472411
       1421.2511  -0.00435599
       1420.8630  -0.00398788
       1420.4760  -0.00361977
       1420.0881  -0.00325166
       1419.7010  -0.00288354
       1419.3140  -0.00251543
       1418.9260  -0.00214732
       1418.5390  -0.00177921
       1418.1520  -0.00141110
       1417.7639  -0.00104298
       1417.3770 -0.000674872
       1416.9890 -0.000306760
       1416.6040     0.110924
       1416.2160     0.111293
       1415.8289     0.111661
       1415.4420     0.112029
       1415.4400   0.00116569
       1415.0530   0.00153380
       1414.6650   0.00190191
       1414.2780   0.00227002
       1413.8900   0.00263814
       1413.5031   0.00300625
       1413.1160   0.00337436
       1412.7280   0.00374247
       1412.3410   0.00411059
       1411.9540   0.00447870
       1411.5660   0.00484681
       1411.1789   0.00521492
       1410.7910   0.00558303
       1410.4040   0.00595115
       1410.0170   0.00631926
       1409.6290   0.00668737
       1409.2420   0.00705548
       1408.8550   0.00742360
       1408.4671   0.00779171
       1408.0800   0.00815982
       1407.6920   0.00852793
       1407.3050   0.00889604
       1406.9180   0.00926416
       1406.5300   0.00963227
       1406.1430    0.0100004
       1405.7560    0.0103685
       1405.3680    0.0107366
       1404.9810    0.0111047
       1404.5930    0.0114728
       1404.2060    0.0118409
       1403.8190    0.0122091
       1403.4311    0.0125772
       1403.0440    0.0129453
       1402.6570    0.0133134
       1402.2690    0.0136815
       1401.8821    0.0140496
       1401.4940    0.0144177
       1401.1070    0.0147858
       1400.7200    0.0151540
       1400.3320    0.0155221
       1399.9450    0.0158902
       1399.5579    0.0162583
       1399.1700    0.0166264
       1398.7830    0.0169945
       1398.3949    0.0173626
       1398.0080    0.0177307
       1397.6210    0.0180988
       1397.2330    0.0184670
       1396.8461    0.0188351
