       1445.0099   0.00139843
       1445.0099   0.00139843
       1444.7330   0.00147612
       1444.4560   0.00155381
       1444.1791   0.00163150
       1443.9020   0.00170919
       1443.6250     0.113894
       1443.3481     0.113972
       1443.3470   0.00186457
       1443.0710     0.114050
       1442.7930     0.114127
       1442.7930   0.00201995
       1442.5160   0.00209765
       1442.2380   0.00217534
       1441.9611   0.00225303
       1441.6840   0.00233072
       1441.4070   0.00240841
       1441.1300   0.00248610
       1440.8520   0.00256379
       1440.5750   0.00264148
       1440.2980   0.00271917
       1440.0210   0.00279686
       1439.7440   0.00287455
       1439.4660   0.00295224
       1439.1890   0.00302993
       1438.9120   0.00310762
       1438.6350   0.00318531
       1438.3579   0.00326300
       1438.0800   0.00334069
       1437.8030   0.00341838
       1437.5260   0.00349607
       1437.2489   0.00357377
       1436.9720   0.00365146
       1436.6940   0.00372915
       1436.4170   0.00380684
       1436.1399   0.00388453
       1435.8630   0.00396222
       1435.5860   0.00403991
       1435.3080   0.00411760
       1435.0311   0.00419529
       1434.7540   0.00427298
       1434.4770   0.00435067
       1434.2000   0.00442836
       1434.1990    -0.107679
       1433.9221   0.00450605
       1433.6450   0.00458374
       1433.3680   0.00466143
       1433.0910   0.00473912
       1432.8140   0.00481681
       1432.5360   0.00489450
       1432.2590   0.00497219
       1432.2590    -0.107135
       1431.9820   0.00504988
       1431.7050   0.00512758
       1431.4280   0.00520527
       1431.1500   0.00528296
       1431.1500    -0.106825
       1430.8730    -0.106747
       1430.5960   0.00543834
       1430.3190   0.00551603
       1430.0420   0.00559372
       1429.7640   0.00567141
       1429.4870   0.00574910
       1429.2099   0.00582679
       1428.9330   0.00590448
       1428.6560   0.00598217
       1428.3780   0.00605986
       1428.1009   0.00613755
       1427.8240   0.00621524
       1427.5470   0.00629293
       1427.2701   0.00637062
       1426.9921   0.00644831
       1426.7150   0.00652600
       1426.4380   0.00660370
       1426.1611   0.00668139
       1425.8840   0.00675908
       1425.6060   0.00683677
       1425.3290   0.00691446
       1425.0520   0.00699215
       1424.7750   0.00706984
       1424.4980   0.00714753
       1424.2200   0.00722522
       1423.9430   0.00730291
       1423.6660   0.00738060
       1423.3890   0.00745829
       1423.1120   0.00753598
       1422.8340   0.00761367
       1422.5570   0.00769136
       1422.2800   0.00776905
       1422.0030   0.00784674
       1421.7260   0.00792443
       1421.4480   0.00800213
       1421.1709   0.00807982
       1421.1709    -0.104028
       1420.8930    -0.103950
       1420.6160    -0.103872
       1420.3390    -0.103795
       1420.0619   0.00839058
       1419.7850   0.00846827
       1419.5080   0.00854596
       1419.2311   0.00862365
       1418.9540   0.00870134
       1418.9529    -0.103406
       1418.6760    -0.103328
       1418.3990    -0.103251
       1418.1210    -0.103173
       1417.8450   0.00901210
       1417.5680   0.00908979
       1417.2900   0.00916748
       1417.2900    -0.102940
       1417.0130    -0.102862
       1416.7360   0.00932286
       1416.4590   0.00940055
       1416.1820   0.00947825
       1415.9040   0.00955594
       1415.6270   0.00963363
       1415.3500   0.00971132
       1415.0730   0.00978901
       1414.7960   0.00986670
       1414.5180   0.00994439
       1414.2410    0.0100221
       1413.9640    0.0100998
       1413.9630    -0.102008
       1413.6860    -0.101930
       1413.4090    -0.101852
       1413.1320    -0.101775
       1412.8550    -0.101697
       1412.5780    0.0104882
       1412.3009    0.0105659
       1412.0240    0.0106436
       1411.7460    0.0107213
       1411.4690    0.0107990
       1411.1921    0.0108767
       1410.9150    0.0109544
       1410.6380    0.0110321
       1410.3600    0.0111097
       1410.0831    0.0111874
       1409.8060    0.0112651
       1409.5290    0.0113428
       1409.2520    0.0114205
       1409.2510    -0.100687
       1408.9741    -0.100609
       1408.6970    0.0115759
       1408.4200    0.0116536
       1408.1430    0.0117313
       1407.8660    0.0118090
       1407.8650    -0.100299
       1407.5880    -0.100221
       1407.3110    0.0119643
       1407.0340    0.0120420
       1406.7570    0.0121197
       1406.4800    0.0121974
       1406.2020    0.0122751
       1405.9250    0.0123528
       1405.6480    0.0124305
       1405.3710    0.0125082
       1405.0940    0.0125859
       1404.8160    0.0126636
       1404.8160   -0.0994439
       1404.5390   -0.0993662
       1404.2610   -0.0992885
       1403.9840   -0.0992108
       1403.7070   -0.0991331
       1403.4300    0.0130520
       1403.1529    0.0131297
       1402.8760    0.0132074
       1402.5990    0.0132851
       1402.3221    0.0133628
       1402.0441    0.0134405
       1401.7670    0.0135181
       1401.4900    0.0135958
       1401.2130    0.0136735
       1400.9360    0.0137512
       1400.6580    0.0138289
       1400.3810    0.0139066
       1400.1040    0.0139843
       1399.8270    0.0140620
       1399.5500    0.0141397
       1399.2720    0.0142174
       1398.9950    0.0142951
       1398.9950   -0.0978124
       1398.7170   -0.0977347
       1398.4400   -0.0976570
       1398.1640    0.0145281
       1397.8860    0.0146058
       1397.6090    0.0146835
       1397.3320    0.0147612
       1397.0550    0.0148389
       1397.0540   -0.0972686
       1396.7770   -0.0971909
       1396.5000   -0.0971132
       1396.2229   -0.0970355
       1395.9450   -0.0969578
       1395.6690    0.0152274
       1395.3919    0.0153050
       1395.1139    0.0153827
       1394.8370    0.0154604
       1394.8370   -0.0966470
       1394.5600    0.0155381
       1394.2831    0.0156158
       1394.0060    0.0156935
       1393.7280    0.0157712
       1393.7280   -0.0963363
       1393.4510   -0.0962586
       1393.1730   -0.0961809
       1392.8961   -0.0961032
       1392.6200    0.0160819
       1392.3420    0.0161596
       1392.0650    0.0162373
       1391.7880    0.0163150
       1391.5110    0.0163927
       1391.2340    0.0164704
       1390.9560    0.0165481
       1390.6790    0.0166258
       1390.4020    0.0167035
       1390.1250    0.0167812
       1389.8480    0.0168588
       1389.5700    0.0169365
       1389.2930    0.0170142
       1389.0160    0.0170919
       1388.7390    0.0171696
       1388.4619    0.0172473
       1388.1840    0.0173250
       1387.9070    0.0174027
       1387.6300    0.0174804
       1387.3529    0.0175581
       1387.0760    0.0176357
       1386.7980    0.0177134
       1386.5210    0.0177911
       1386.5210   -0.0943163
       1386.2430   -0.0942386
       1385.9659   -0.0941609
       1385.6900    0.0180242
       1385.4120    0.0181019
       1385.1351    0.0181796
       1384.8580    0.0182573
       1384.5810    0.0183350
       1384.3040    0.0184127
       1384.0261    0.0184903
       1383.7490    0.0185680
       1383.4720    0.0186457
       1383.1950    0.0187234
       1382.9180    0.0188011
       1382.6410     0.130986
       1382.6400    0.0188788
       1382.3630    0.0189565
       1382.0860    0.0190342
       1381.8090    0.0191119
       1381.5320    0.0191896
       1381.2540    0.0192672
       1380.9770    0.0193449
       1380.7000    0.0194226
       1380.4229    0.0195003
       1380.1460    0.0195780
       1379.8680    0.0196557
       1379.5910    0.0197334
       1379.3139    0.0198111
       1379.0370    0.0198888
       1379.0359   -0.0922187
       1378.7590   -0.0921410
       1378.4820   -0.0920633
       1378.2049   -0.0919856
       1377.9269   -0.0919079
       1377.6510    0.0202772
       1377.3741    0.0203549
       1377.3730   -0.0917525
       1377.0961    0.0204326
       1376.8190    0.0205103
       1376.5420    0.0205880
       1376.2650    0.0206657
       1375.9880    0.0207434
       1375.7100    0.0208211
       1375.4330    0.0208988
       1375.1560    0.0209765
       1374.8790    0.0210541
       1374.6020    0.0211318
       1374.3240    0.0212095
       1374.0470    0.0212872
       1373.7700    0.0213649
       1373.4930    0.0214426
       1373.2160    0.0215203
       1373.2150   -0.0905872
       1372.9380   -0.0905095
       1372.6610   -0.0904318
       1372.3830   -0.0903541
       1372.1060   -0.0902764
       1371.8300    0.0219087
       1371.5520    0.0219864
       1371.2749    0.0220641
       1370.9980    0.0221418
       1370.7210    0.0222195
       1370.4441    0.0222972
       1370.4430   -0.0898103
       1370.1659   -0.0897326
       1369.8890   -0.0896549
       1369.6110   -0.0895772
       1369.3340   -0.0894995
       1369.0571   -0.0894218
       1368.7800   -0.0893441
       1368.5030   -0.0892664
       1368.2250   -0.0891887
       1367.9481   -0.0891111
       1367.6710   -0.0890334
       1367.3940   -0.0889557
       1367.1170   -0.0888780
       1366.8391   -0.0888003
       1366.5620   -0.0887226
       1366.2850   -0.0886449
       1366.0080   -0.0885672
       1365.7310   -0.0884895
       1365.4530   -0.0884118
       1365.1760   -0.0883341
       1364.8990   -0.0882564
       1364.6220   -0.0881788
       1364.3450   -0.0881011
       1364.0680    0.0240841
       1363.7910    0.0241618
       1363.5139    0.0242395
       1363.2360    0.0243171
       1362.9590    0.0243948
       1362.6820    0.0244725
       1362.4049    0.0245502
       1362.1280    0.0246279
       1361.8500    0.0247056
       1361.5730    0.0247833
       1361.2961    0.0248610
       1361.0190    0.0249387
       1360.7420    0.0250164
       1360.4640    0.0250940
       1360.1871    0.0251717
       1359.9100    0.0252494
       1359.6330    0.0253271
       1359.3560    0.0254048
       1359.0780    0.0254825
       1358.8010    0.0255602
       1358.5240    0.0256379
       1358.2470     0.137823
       1357.9700     0.137901
       1357.6930     0.137978
       1357.4160     0.138056
       1357.1390     0.138134
       1356.8610     0.138212
       1356.5840     0.138289
       1356.3070     0.138367
       1356.0300     0.138444
       1355.7529     0.138522
       1355.4760     0.250707
       1355.1990     0.250785
       1354.9221     0.250863
       1354.6439     0.250940
       1354.3670     0.251018
       1354.0900     0.251096
       1353.8131     0.251173
       1353.5360     0.251251
       1353.2590     0.363436
       1352.9820     0.363514
       1352.7050     0.363592
       1352.4280     0.363669
       1352.1500     0.363747
       1351.8730     0.363825
       1351.5970     0.476010
       1351.3190     0.476088
       1351.0420     0.476165
       1350.7659     0.588350
       1350.4879     0.588428
       1350.2120     0.700613
       1349.9351     0.700691
       1349.6571     0.700769
       1347.7190      1.03763
       1347.1650      1.14990
       1346.8879      1.26208
       1346.6110      1.26216
       1346.3351      1.37435
       1344.9510      1.71106
       1342.7380      2.60854
       1341.9091      3.05720
       1340.8040      3.73016
       1339.9770      4.62725
       1336.9520      9.00029
       1336.6810      10.1215
       1336.6810      10.0093
       1336.6801      9.89723
       1336.4030      9.89731
       1335.5880      12.9244
       1335.0420      14.3820
       1334.7681      14.9426
       1333.9649      20.0998
       1333.6869      20.0999
       1333.6869      19.9878
       1333.4090      19.9878
       1333.4090      19.8757
       1333.1320      19.9879
       1332.8720      23.1270
       1332.8720      23.0149
       1332.8710      22.9028
       1332.8700      22.6786
       1332.6091      25.5934
       1332.6080      25.4813
       1332.6080      25.3692
       1332.3340      26.0420
       1332.0680      28.0600
       1332.0680      27.9478
       1332.0661      27.7236
       1331.8030      30.3022
       1331.5260      30.3023
       1331.5260      30.1902
       1331.5250      30.0781
       1331.2590      32.0961
       1331.2581      31.9839
       1330.9920      33.8899
       1330.9910      33.7777
       1330.9910      33.6656
       1330.9890      33.4414
       1330.9870      32.9930
       1330.7290      36.5805
       1330.7290      36.4684
       1330.7281      36.3563
       1330.7270      36.1321
       1330.7250      35.6837
       1330.4620      38.3743
       1330.4620      38.2622
       1330.4610      38.1501
       1330.4590      37.8138
       1330.1990      40.9529
       1330.1990      40.8408
       1330.1970      40.6165
       1330.1960      40.2802
       1330.1920      39.6076
       1329.9390      43.9798
       1329.9381      43.8677
       1329.9381      43.7556
       1329.9360      43.5314
       1329.9340      43.0830
       1329.9280      42.0740
       1329.6690      45.2131
       1329.6680      45.1010
       1329.6670      44.9889
       1329.6660      44.7647
       1329.6630      44.2041
       1329.4020      47.1190
       1329.4010      47.0069
       1329.4010      46.8948
       1329.3990      46.6706
       1329.3960      46.1100
       1329.1340      48.8007
       1328.8670      50.7066
       1328.8670      50.5945
       1328.8660      50.4824
       1328.8640      50.1461
       1328.8610      49.5855
       1328.6020      52.8367
       1328.3401      55.6395
       1328.3401      55.5274
       1328.3390      55.4153
       1328.3380      55.1911
       1328.3350      54.6305
       1328.3290      53.5094
       1328.0720      57.3212
       1328.0720      57.2091
       1327.8060      59.3392
       1327.8060      59.2271
       1327.8050      59.0029
       1327.8030      58.6665
       1327.5290      59.3393
       1327.2721      62.9268
       1327.2710      62.8147
       1327.2700      62.5905
       1327.2680      62.2541
       1327.2640      61.4694
       1327.0090      65.5053
       1327.0080      65.3932
       1327.0071      65.1690
       1327.0050      64.8327
       1327.0020      64.1600
       1326.7310      65.2812
       1326.4710      68.5324
       1326.4710      68.4203
       1326.4700      68.1961
       1326.4670      67.7476
       1326.4620      66.8508
       1326.2070      70.7746
       1326.2060      70.6625
       1326.2050      70.5504
       1326.2039      70.3262
       1326.2010      69.7656
       1325.9280      70.5505
       1325.6590      72.0079
       1325.3920      73.8017
       1325.3911      73.6896
       1325.3911      73.5775
       1325.3890      73.3533
       1325.1150      73.8018
       1324.8460      75.3714
       1324.8460      75.2593
       1324.8450      75.1472
       1324.8430      74.8109
       1324.5760      76.7168
       1324.5760      76.6047
       1324.5749      76.4926
       1324.5730      76.1562
       1324.2970      76.3805
       1324.0290      77.9501
       1324.0280      77.8380
       1324.0280      77.7259
       1324.0260      77.5017
       1323.7500      77.7260
       1323.4791      78.7350
       1323.4780      78.6229
       1323.4780      78.5108
       1323.2020      78.7351
       1322.9311      79.8562
       1322.9300      79.7441
       1322.9290      79.6320
       1322.9270      79.2957
       1322.6520      79.6321
       1322.3760      79.8564
       1322.1000      79.9686
       1321.8220      79.9687
       1321.5450      79.9687
       1321.2680      79.9688
       1320.9910      79.9689
       1320.7140      79.9690
       1320.7130      79.8569
       1320.4360      79.8569
       1320.4350      79.7448
       1320.4350      79.6327
       1320.1571      79.6328
       1320.1571      79.5207
       1319.8800      79.5208
       1319.8791      79.4087
       1319.6020      79.4087
       1319.6011      79.2966
       1319.3240      79.2967
       1319.3229      79.1846
       1319.0460      79.1847
       1319.0449      79.0726
       1319.0449      78.9605
       1318.7680      78.9605
       1318.4900      78.9606
       1318.4900      78.8485
       1318.2130      78.8486
       1317.9350      78.8487
       1317.6579      78.8487
       1317.3810      78.8488
       1317.3800      78.7367
       1317.1030      78.7368
       1317.1030      78.6247
       1316.8250      78.6248
       1316.5489      78.7370
       1316.2720      78.7370
       1315.9950      78.8492
       1315.7181      78.8493
       1315.4410      78.9615
       1315.1650      79.1858
       1315.1650      79.0737
       1314.8880      79.1859
       1314.6130      79.5222
       1314.6120      79.4101
       1314.3370      79.8587
       1314.0600      79.8587
       1313.7840      79.9709
       1313.5070      80.0831
       1313.2319      80.5316
       1313.2319      80.4195
       1313.2310      80.3074
       1312.9560      80.7559
       1312.9560      80.6438
       1312.6791      80.7560
       1312.4040      81.2045
       1312.4040      81.0924
       1312.1290      81.5409
       1312.1290      81.4288
       1311.8531      81.7652
       1311.8531      81.6531
       1311.5770      81.9895
       1311.5770      81.8774
       1311.3019      82.3259
       1311.3010      82.2138
       1311.0271      82.6623
       1311.0260      82.5502
       1311.0250      82.4380
       1310.7520      83.1108
       1310.7510      82.9987
       1310.7510      82.8866
       1310.4740      82.9987
       1310.2020      83.8957
       1310.2010      83.7836
       1310.2000      83.5594
       1309.9270      84.3442
       1309.9260      84.2321
       1309.9260      84.1200
       1309.6499      84.3443
       1309.3760      84.9049
       1309.3750      84.7928
       1309.1000      85.2413
       1308.8230      85.2414
       1308.5500      86.0262
       1308.5500      85.9141
       1308.5490      85.8020
       1308.2730      85.9142
       1307.9990      86.5869
       1307.9979      86.4748
       1307.9979      86.3627
       1307.7220      86.5870
       1307.4470      86.9234
       1307.1690      86.9234
       1306.8970      87.8204
       1306.8970      87.7083
       1306.8960      87.5962
       1306.6200      87.8204
       1306.3461      88.3811
       1306.3450      88.2690
       1306.3450      88.1569
       1306.0710      88.7175
       1306.0700      88.6054
       1305.7930      88.7176
       1305.5170      88.8297
       1305.2450      89.8388
       1304.9680      89.8389
       1304.9670      89.7268
       1304.9670      89.6146
       1304.6910      89.8389
       1304.4140      89.9511
       1304.1379      90.0633
       1303.8610      90.1755
       1303.5840      90.2877
       1303.3080      90.3999
       1303.0310      90.3999
       1302.7560      90.8484
       1302.7550      90.7363
       1302.4790      90.8485
       1302.2020      90.9607
       1301.9260      91.0729
       1301.6480      91.0730
       1301.3721      91.1852
       1301.0950      91.2973
       1300.8190      91.4095
       1300.5410      91.4096
       1300.2640      91.4097
       1299.9880      91.5219
       1299.7100      91.5219
       1299.4330      91.5220
       1299.1560      91.5221
       1298.8790      91.5222
       1298.6020      91.5222
       1298.3240      91.5223
       1298.0469      91.5224
       1297.7700      91.5225
       1297.4930      91.5226
       1297.2161      91.5226
       1297.2150      91.4105
       1296.9379      91.4106
       1296.6610      91.4107
       1296.6599      91.2986
       1296.3830      91.2987
       1296.1060      91.2987
       1296.1050      91.1866
       1295.8280      91.1867
       1295.8270      91.0746
       1295.5500      91.0747
       1295.5490      90.9626
       1295.2720      90.9626
       1295.2720      90.8505
       1294.9940      90.8506
       1294.9940      90.7385
       1294.7160      90.7386
       1294.7160      90.6265
       1294.4390      90.6266
       1294.4371      90.4023
       1294.1600      90.4024
       1294.1600      90.2903
       1293.8820      90.2904
       1293.8820      90.1783
       1293.6050      90.1784
       1293.3270      90.1784
       1293.3270      90.0663
       1293.0501      90.0664
       1292.7721      90.0665
       1292.7721      89.9544
       1292.4950      89.9545
       1292.2170      89.9545
       1291.9400      89.9546
       1291.6631      89.9547
       1291.6620      89.8426
       1291.3851      89.8427
       1291.1080      89.8427
       1290.8310      89.8428
       1290.8300      89.7307
       1290.5530      89.7308
       1290.2761      89.7309
       1290.2750      89.6188
       1289.9981      89.6188
       1289.9970      89.5067
       1289.7201      89.5068
       1289.7190      89.2826
       1289.4419      89.2827
       1289.4410      89.1706
       1289.1639      89.1706
       1289.1630      89.0585
       1288.8860      89.0586
       1288.6090      89.0587
       1288.3320      89.0588
       1288.0540      89.0588
       1287.7769      89.0589
       1287.5000      89.0590
       1287.2230      89.0591
       1286.9461      89.0592
       1286.6679      89.0592
       1286.3910      89.0593
       1286.3910      88.9472
       1286.1130      88.9473
       1285.8360      88.9474
       1285.5591      88.9474
       1285.2820      88.9475
       1285.0050      88.9476
       1284.7270      88.9477
       1284.4510      89.0599
       1284.1740      89.0599
       1283.8970      89.1721
       1283.6200      89.1722
       1283.3430      89.1723
       1283.0660      89.2844
       1282.7890      89.2845
       1282.5119      89.2846
       1281.1290      89.8455
       1280.8520      89.9577
       1280.8520      89.8456
       1280.5740      89.8457
       1280.2970      89.8458
       1280.0210      89.9579
       1279.7430      89.9580
       1279.4670      90.0702
       1279.1899      90.0703
       1278.9140      90.2946
       1278.6360      90.2947
       1278.3600      90.5190
       1278.0850      90.7432
       1277.8090      90.9675
       1277.8080      90.8554
       1277.5320      91.0797
       1277.2551      91.0798
       1276.9780      91.0799
       1276.7010      91.1921
       1276.4241      91.1921
       1276.1480      91.4164
       1275.8710      91.4165
       1275.5930      91.4166
       1275.3170      91.5288
       1275.0400      91.5289
       1274.7639      91.7532
       1274.4870      91.7532
       1274.2110      92.0896
       1274.2110      91.9775
       1273.9331      91.9776
       1273.6570      92.2019
       1273.3800      92.2020
       1273.1040      92.3141
       1272.8270      92.4263
       1272.5500      92.4264
       1272.2729      92.4265
       1271.9949      92.4266
       1271.7190      92.5388
       1271.4421      92.5388
       1271.1650      92.6510
       1270.8880      92.6511
       1270.6110      92.6512
       1270.3340      92.7634
       1270.0570      92.7634
       1269.7800      92.7635
       1269.5030      92.7636
       1269.2260      92.8758
       1268.9490      92.8759
       1268.6720      92.8759
       1268.3949      92.9881
       1268.1180      92.9882
       1267.8410      92.9883
       1267.5630      92.9883
       1267.2859      92.9884
       1267.0090      92.9885
       1267.0079      92.8764
       1266.7310      92.8765
       1266.4540      92.8765
       1266.1771      92.9887
       1265.9000      92.9888
       1265.6230      92.9889
       1265.3461      92.9890
       1265.0690      92.9891
       1264.7910      92.9891
       1264.5140      92.9892
       1264.2370      92.9893
       1263.9600      92.9894
       1263.6830      93.1015
       1263.4060      93.1016
       1263.4050      92.9895
       1263.1280      92.9896
       1262.8510      92.9897
       1262.8500      92.8776
       1262.5730      92.8776
       1262.2960      92.8777
       1262.2950      92.7656
       1262.0180      92.7657
       1261.7410      92.7658
       1261.7400      92.6537
       1261.4630      92.6537
       1261.1860      92.6538
       1261.1851      92.5417
       1260.9080      92.5418
       1260.6310      92.5419
       1260.3540      92.5419
       1260.0760      92.5420
       1259.7990      92.5421
       1259.5220      92.5422
       1259.2450      92.5423
       1259.2440      92.4301
       1258.9670      92.4302
       1258.6900      92.4303
       1258.6890      92.3182
       1258.4120      92.3183
       1258.1350      92.3184
       1258.1340      92.2062
       1257.8570      92.2063
       1257.5800      92.2064
       1257.3030      92.2065
       1257.3020      92.0944
       1257.0250      92.0944
       1256.7480      92.0945
       1256.7470      91.9824
       1256.4700      91.9825
       1256.1930      91.9826
       1256.1920      91.8705
       1255.9150      91.8705
       1255.9140      91.7584
       1255.6370      91.7585
       1255.3600      91.7586
       1255.0830      91.7587
       1255.0820      91.6466
       1254.8050      91.6466
       1254.5270      91.6467
       1254.2500      91.6468
       1253.9730      91.6469
       1253.9721      91.5348
       1253.6950      91.5348
       1253.4180      91.5349
       1253.4170      91.4228
       1253.1400      91.4229
       1253.1400      91.3108
       1253.1390      91.1987
       1252.8620      91.1988
       1252.8610      91.0866
       1252.5840      91.0867
       1252.5830      90.9746
       1252.3060      90.9747
       1252.3060      90.8626
       1252.0280      90.8627
       1252.0280      90.7505
       1251.7509      90.7506
       1251.4729      90.7507
       1251.4729      90.6386
       1251.1960      90.6387
       1250.9180      90.6388
       1250.9180      90.5266
       1250.6400      90.5267
       1250.6400      90.4146
       1250.3630      90.4147
       1250.3620      90.3026
       1250.3610      90.1905
       1250.0840      90.1906
       1250.0840      90.0785
       1250.0830      89.9663
       1249.8060      89.9664
       1249.5290      89.9665
       1249.5281      89.8544
       1249.5270      89.7423
       1249.2501      89.7424
       1249.2501      89.6303
       1248.9721      89.6303
       1248.9721      89.5182
       1248.6939      89.5183
       1248.6939      89.4062
       1248.4170      89.4063
       1248.4150      89.1821
       1248.1380      89.1821
       1248.1380      89.0700
       1248.1370      88.9579
       1247.8600      88.9580
       1247.8590      88.8459
       1247.5820      88.8460
       1247.5810      88.7339
       1247.3040      88.7339
       1247.3030      88.5097
       1247.0260      88.5098
       1247.0250      88.3977
       1246.7480      88.3978
       1246.4710      88.3979
       1246.4700      88.2857
       1246.4690      88.1736
       1246.1920      88.1737
       1246.1920      88.0616
       1246.1910      87.9495
       1245.9140      87.9496
       1245.9130      87.8375
       1245.6360      87.8375
       1245.6350      87.7254
       1245.6350      87.6133
       1245.3580      87.6134
       1245.3570      87.5013
       1245.3560      87.3892
       1245.0790      87.3893
       1245.0780      87.2772
       1245.0780      87.1651
       1244.8010      87.1651
       1244.7990      86.9409
       1244.5220      86.9410
       1244.5220      86.8289
       1244.2440      86.8290
       1244.2440      86.7169
       1243.9671      86.7169
       1243.9660      86.6048
       1243.9650      86.3806
       1243.6870      86.3807
       1243.6870      86.2686
       1243.6860      86.0444
       1243.4080      86.0444
       1243.4080      85.9323
       1243.1310      85.9324
       1243.1300      85.8203
       1243.1290      85.7082
       1242.8520      85.7083
       1242.8520      85.5962
       1242.8510      85.4841
       1242.5740      85.4841
       1242.5719      85.2599
       1242.2950      85.2600
       1242.2940      85.0358
       1242.0170      85.0359
       1242.0160      84.8117
       1241.7380      84.8117
       1241.7370      84.5875
       1241.4600      84.5876
       1241.4590      84.4755
       1241.1820      84.4756
       1241.1820      84.3635
       1240.9040      84.3635
       1240.9040      84.2514
       1240.9030      84.1393
       1240.6260      84.1394
       1240.6250      84.0273
       1240.6240      83.8031
       1240.3470      83.8031
       1240.3460      83.6910
       1240.3450      83.4668
       1240.0680      83.4669
       1240.0670      83.3548
       1239.7900      83.3549
       1239.7890      83.2428
       1239.7890      83.1307
       1239.5110      83.1307
       1239.5110      83.0186
       1239.5101      82.9065
       1239.2330      82.9066
       1239.2319      82.7945
       1238.9550      82.7946
       1238.9550      82.6825
       1238.6770      82.6825
       1238.6770      82.5704
       1238.4000      82.5705
       1238.3990      82.4584
       1238.3980      82.3463
       1238.1210      82.3464
       1238.1200      82.2343
       1238.1200      82.1222
       1237.8430      82.1222
       1237.8420      82.0101
       1237.5650      82.0102
       1237.5640      81.8981
       1237.2870      81.8982
       1237.2860      81.7861
       1237.2860      81.6740
       1237.0090      81.6740
       1237.0080      81.5619
       1237.0070      81.4498
       1236.7300      81.4499
       1236.7300      81.3378
       1236.4520      81.3379
       1236.4520      81.2258
       1236.1749      81.2259
       1236.1740      81.1137
       1236.1730      80.8895
       1235.8950      80.8896
       1235.8950      80.7775
       1235.8940      80.5533
       1235.6160      80.5534
       1235.6150      80.3291
       1235.3380      80.3292
       1235.3370      80.2171
       1235.0600      80.2172
       1234.7831      80.2173
       1234.5060      80.2173
       1234.5051      80.1052
       1234.2280      80.1053
       1233.9510      80.1054
       1233.9500      79.9933
       1233.6730      79.9934
       1233.3961      79.9934
       1233.3950      79.8813
       1233.1181      79.8814
       1232.8410      79.8815
       1232.8399      79.7694
       1232.5630      79.7695
       1232.2860      79.7695
       1232.2850      79.6574
       1232.2839      79.5453
       1232.0070      79.5454
       1231.7300      79.5455
       1231.4529      79.5456
       1231.4520      79.4334
       1231.1749      79.4335
       1230.8980      79.4336
       1230.6210      79.4337
       1230.3430      79.4338
       1230.0659      79.4338
       1229.7890      79.4339
       1229.5120      79.4340
       1229.2351      79.4341
       1228.9590      79.6584
       1228.6810      79.6584
       1228.4050      79.7706
       1228.1280      79.8828
       1227.8510      79.8829
       1227.5740      79.8830
       1227.2969      79.9951
       1227.0200      79.9952
       1226.7430      79.9953
       1226.4659      80.1075
       1226.1890      80.1076
       1225.9120      80.1077
       1225.6351      80.1077
       1225.3580      80.2199
       1225.0820      80.3321
       1224.8040      80.3322
       1224.5270      80.3323
       1224.2531      80.8929
       1224.2520      80.7808
       1224.2520      80.6686
       1223.9760      80.8929
       1223.7000      81.1172
       1223.4240      81.3415
       1223.1480      81.5658
       1223.1470      81.4537
       1222.8709      81.6780
       1222.5940      81.6781
       1222.3190      82.0145
       1222.3181      81.9024
       1222.0420      82.1267
       1221.7650      82.1267
       1221.4900      82.4632
       1221.4890      82.3510
       1221.2141      82.6874
       1221.2130      82.5753
       1220.9370      82.7996
       1220.6600      82.7997
       1220.3840      83.0240
       1220.1070      83.0241
       1219.8319      83.3605
       1219.8310      83.2484
       1219.5539      83.2484
       1219.2780      83.4727
       1219.0020      83.8091
       1219.0020      83.6970
       1218.7260      84.0334
       1218.7260      83.9213
       1218.4490      83.9214
       1218.1730      84.2578
       1217.8960      84.2579
       1217.6210      84.7064
       1217.6210      84.5943
       1217.3440      84.5944
       1217.0670      84.7065
       1216.7910      84.9308
       1216.5140      84.9309
       1216.2380      85.1552
       1215.9610      85.1553
       1215.6850      85.3796
       1215.4080      85.4918
       1215.1320      85.6039
       1214.8560      85.8282
       1214.8550      85.7161
       1214.5790      85.9404
       1214.3019      85.9405
       1214.0260      86.1648
       1213.7491      86.1649
       1213.4720      86.2770
       1213.1960      86.3892
       1212.9180      86.3893
       1212.6410      86.3894
       1212.3650      86.5016
       1212.0870      86.5017
       1211.8100      86.5017
       1211.5330      86.5018
       1211.2560      86.5019
       1210.9790      86.5020
       1210.7010      86.5021
       1210.4239      86.5021
       1210.1470      86.5022
       1209.8700      86.5023
       1209.5931      86.5024
       1209.3149      86.5024
       1209.0380      86.5025
       1208.7610      86.5026
       1208.4841      86.5027
       1208.2070      86.5027
       1207.9290      86.5028
       1207.9290      86.3907
       1207.6520      86.3908
       1207.3740      86.3909
       1207.0971      86.3910
       1206.8200      86.3910
       1206.5430      86.5032
       1206.2660      86.5033
       1205.9890      86.5034
       1205.7120      86.5034
       1205.4350      86.5035
       1205.1570      86.5036
       1204.8800      86.5037
       1204.6030      86.5038
       1204.3260      86.5038
       1204.0490      86.5039
       1203.7710      86.5040
       1203.4940      86.5041
       1203.4940      86.3920
       1203.2160      86.3920
       1202.9390      86.3921
       1202.9380      86.2800
       1202.6610      86.2801
       1202.6610      86.1680
       1202.3830      86.1681
       1202.1060      86.1681
       1201.8290      86.1682
       1201.8280      86.0561
       1201.5510      86.0562
       1201.2740      86.0563
       1200.9970      86.0563
       1200.7200      86.0564
       1200.4420      86.0565
       1200.1650      86.0566
       1199.8880      86.0566
       1199.6109      86.1688
       1199.3340      86.1689
       1199.0570      86.1690
       1198.7799      86.1691
       1198.5030      86.2812
       1198.2260      86.2813
       1197.9491      86.2814
       1197.6720      86.3936
       1197.3950      86.3937
       1197.1190      86.5059
       1196.8410      86.5059
       1196.5640      86.5060
       1196.2880      86.6182
       1196.0109      86.7304
       1195.7340      86.7305
       1195.4570      86.7305
       1195.1790      86.7306
       1194.9030      86.8428
       1194.6260      86.8429
       1194.3480      86.8429
       1194.0711      86.8430
       1193.7940      86.8431
       1193.5170      86.8432
       1193.2400      86.8433
       1192.9621      86.8433
       1192.9621      86.7312
       1192.6850      86.7313
       1192.4070      86.7314
       1192.4070      86.6193
       1192.1300      86.6194
       1191.8520      86.6194
       1191.8520      86.5073
       1191.5751      86.5074
       1191.2971      86.5075
       1191.0200      86.5076
       1191.0200      86.3954
       1190.7420      86.3955
       1190.4650      86.3956
       1190.1881      86.3957
       1189.9110      86.3958
       1189.6340      86.3958
       1189.6330      86.2837
       1189.3560      86.2838
       1189.3550      86.1717
       1189.0780      86.1718
       1189.0770      86.0597
       1188.8000      86.0598
       1188.7990      85.9476
       1188.5220      85.9477
       1188.2451      85.9478
       1188.2440      85.8357
       1188.2440      85.7236
       1187.9669      85.7237
       1187.9660      85.6116
       1187.6889      85.6116
       1187.6880      85.3874
       1187.4100      85.3875
       1187.4100      85.2754
       1187.1330      85.2755
       1187.1320      85.1634
       1187.1310      84.9391
       1186.8531      84.9392
       1186.8531      84.8271
       1186.8520      84.7150
       1186.5751      84.7151
       1186.5740      84.4909
       1186.2971      84.4910
       1186.2960      84.3788
       1186.0189      84.3789
       1186.0180      84.2668
       1185.7409      84.2669
       1185.7400      84.1548
       1185.7400      84.0427
       1185.4620      84.0427
       1185.4620      83.9306
       1185.4610      83.8185
       1185.1840      83.8186
       1185.1830      83.7065
       1185.1830      83.5944
       1184.9060      83.5945
       1184.9051      83.4824
       1184.6280      83.4825
       1184.6271      83.3703
       1184.6271      83.2582
       1184.3489      83.2583
       1184.3489      83.1462
       1184.0709      83.1463
       1184.0709      83.0342
       1183.7940      83.0342
       1183.7929      82.9221
       1183.5160      82.9222
       1183.5150      82.8101
       1183.5150      82.6980
       1183.2370      82.6981
       1183.2370      82.5860
       1183.2360      82.4739
       1182.9590      82.4740
       1182.9580      82.3618
       1182.6810      82.3619
       1182.6810      82.2498
       1182.4030      82.2499
       1182.1260      82.2500
       1182.1260      82.1379
       1181.8480      82.1379
       1181.8480      82.0258
       1181.5701      82.0259
       1181.5701      81.9138
       1181.2930      81.9139
       1181.2921      81.8018
       1181.0150      81.8018
       1181.0139      81.6897
       1180.7370      81.6898
       1180.4600      81.6899
       1180.1831      81.6900
       1179.9051      81.6900
       1179.6290      81.8022
       1179.3520      81.8023
       1179.0760      82.0266
       1178.7990      82.1388
       1178.5229      82.2510
       1178.2460      82.3632
       1177.9690      82.3632
       1177.6930      82.6996
       1177.4160      82.6997
       1177.1400      82.9240
       1176.8640      83.0362
       1176.5881      83.2605
       1176.3120      83.4848
       1176.3110      83.3727
       1176.0360      83.8212
       1176.0360      83.7091
       1175.7590      83.8213
       1175.4830      84.0455
       1175.2080      84.3820
       1175.2070      84.2698
       1174.9310      84.3820
       1174.6540      84.4942
       1174.3780      84.6064
       1174.1000      84.6065
       1173.8230      84.6066
       1173.5460      84.6066
       1173.5450      84.4945
       1173.2680      84.4946
       1173.2680      84.3825
       1172.9900      84.3826
       1172.9900      84.2705
       1172.9881      84.0462
       1172.7110      84.0463
       1172.7110      83.9342
       1172.7099      83.8221
       1172.4330      83.8222
       1172.4319      83.7101
       1172.4310      83.4859
       1172.1539      83.4859
       1172.1530      83.3738
       1172.1530      83.2617
       1172.1489      82.7012
       1171.8720      82.7013
       1171.8720      82.5892
       1171.8680      81.9165
       1171.5910      81.9166
       1171.5890      81.6924
       1171.5879      81.3561
       1171.3099      81.3561
       1171.3099      81.2440
       1171.3090      81.1319
       1171.3070      80.6835
       1171.3020      79.7866
       1171.0240      79.7867
       1171.0230      79.5625
       1171.0180      78.6656
       1170.7410      78.6657
       1170.7400      78.5536
       1170.7391      78.2173
       1170.7340      77.3204
       1170.4561      77.3205
       1170.4561      77.2084
       1170.4540      76.8721
       1170.4500      76.0873
       1170.1720      76.0874
       1170.1710      75.8632
       1170.1660      74.8542
       1169.8880      74.8543
       1169.8860      74.4059
       1169.8810      73.5090
       1169.6039      73.5091
       1169.5991      72.6122
       1169.5880      70.7064
       1169.3110      70.7065
       1169.3100      70.5944
       1169.3100      70.4823
       1169.3060      69.8096
       1169.0290      69.8097
       1169.0260      69.3613
       1169.0180      67.9039
       1168.7410      67.9039
       1168.7400      67.7918
       1168.7380      67.3434
       1168.7310      66.1102
       1168.4541      66.1103
       1168.4530      65.9982
       1168.4530      65.8861
       1168.4490      65.3255
       1168.4430      64.0924
       1168.1650      64.0924
       1168.1650      63.9803
       1168.1629      63.6440
       1168.1570      62.5229
       1167.8801      62.5230
       1167.8790      62.4109
       1167.8730      61.2898
       1167.8600      58.9356
       1167.5820      58.9357
       1167.5820      58.8236
       1167.5810      58.7114
       1167.5770      58.0388
       1167.5709      56.8056
       1167.2930      56.8057
       1167.2930      56.6936
       1167.2900      56.1330
       1167.2820      54.6757
       1167.0040      54.6757
       1167.0040      54.5636
       1166.9980      53.5546
       1166.9830      50.8641
       1166.7060      50.8642
       1166.7041      50.4157
       1166.6970      49.2947
       1166.4200      49.2947
       1166.4180      48.9584
       1166.4150      48.3979
       1166.4090      47.2768
       1166.1320      47.2769
       1166.1310      47.1648
       1166.1310      47.0527
       1166.1270      46.3800
       1165.8400      44.5864
       1165.8390      44.4743
       1165.8380      44.3621
       1165.8370      44.0258
       1165.8330      43.4653
       1165.8270      42.2321
       1165.5490      42.2322
       1165.5450      41.4474
       1165.5440      41.3353
       1165.5430      41.1111
       1165.5411      40.6627
       1165.5360      39.7658
       1165.2620      40.4385
       1165.2499      38.1964
       1165.2490      38.0843
       1165.2490      37.9722
       1165.2470      37.7480
       1165.2440      37.1874
       1165.2390      36.1785
       1164.9610      36.1785
       1164.9610      36.0664
       1164.9580      35.6180
       1164.9500      34.1606
       1164.6760      34.6091
       1164.6750      34.4970
       1164.6740      34.3849
       1164.6730      34.1607
       1164.6709      33.7123
       1164.6520      30.3490
       1164.6510      30.2369
       1164.3740      30.2370
       1164.0970      30.2371
       1164.0960      30.0129
       1164.0919      29.3402
       1164.0850      28.1070
       1163.8080      28.1071
       1163.8070      27.9950
       1163.8070      27.8829
       1163.8050      27.6587
       1163.5220      26.5377
       1163.5211      26.4256
       1163.5200      26.2014
       1163.5180      25.8650
       1163.2290      23.7351
       1163.2290      23.6230
       1163.2270      23.3988
       1163.2260      23.0624
       1162.9421      21.9414
       1162.9421      21.8293
       1162.9320      20.1477
       1162.9320      20.0356
       1162.9310      19.9235
       1162.6590      20.8204
       1162.6580      20.7083
       1162.6570      20.5962
       1162.6559      20.2599
       1162.6540      19.9236
       1162.3770      19.9237
       1162.3750      19.6994
       1162.0990      19.8116
       1162.0930      18.6906
       1162.0920      18.5784
       1162.0910      18.3542
       1161.8030      16.4485
       1161.5241      16.1122
       1161.5230      16.0001
       1161.5230      15.8880
       1160.3980      13.0857
       1160.3960      12.6372
       1160.3950      12.5251
       1159.8260      9.94680
       1159.8260      9.83469
       1159.5490      9.83477
       1159.5480      9.72266
       1159.2710      9.72274
       1159.2700      9.61063
       1158.9930      9.61071
       1158.9910      9.27439
       1158.7160      9.61079
       1158.7100      8.48971
       1158.1510      7.81722
       1158.1510      7.70511
       1158.1500      7.48090
       1157.8720      7.48098
       1157.8720      7.36887
       1157.8701      7.03255
       1157.8690      6.92044
       1157.5900      6.58420
       1157.5900      6.47209
       1157.5890      6.35998
       1157.3120      6.36006
       1157.3110      6.24795
       1157.0330      6.02381
       1157.0320      5.91171
       1154.2460      3.33401
       1153.6890      2.88574
       1152.2990      2.21348
       1152.2990      2.10137
       1152.0211      2.10145
       1151.7440      2.10153
       1151.7440      1.98942
       1151.4660      1.98950
       1151.4660      1.87739
       1151.1890      1.87747
       1151.1880      1.76536
       1150.9110      1.76544
       1150.9100      1.65333
       1150.9089      1.54122
       1150.6320      1.54130
       1150.6320      1.42920
       1150.6310      1.31709
       1150.3540      1.31717
       1150.3530      1.20506
       1150.0760      1.20514
       1150.0750      1.09303
       1149.7980      1.09311
       1148.1330     0.757250
       1147.8560     0.757327
       1147.5790     0.757405
       1147.5780     0.645298
       1147.3010     0.645375
       1147.3000     0.533268
       1147.0230     0.533346
       1146.7460     0.533423
       1146.4690     0.533501
       1146.4680     0.421394
       1146.1910     0.421471
       1146.1900     0.309364
       1145.9130     0.309441
       1145.6360     0.309519
       1145.6350     0.197412
       1145.3580     0.197489
       1145.0810     0.197567
       1144.8040     0.197645
       1144.5260     0.197722
       1144.2490     0.197800
       1143.9720     0.197878
       1143.9710    0.0857704
       1143.6940    0.0858480
       1143.4170    0.0859257
       1143.1400    0.0860034
       1142.8630    0.0860811
       1142.5850    0.0861588
       1142.3080    0.0862365
       1142.0310    0.0863142
       1141.7540    0.0863919
       1141.7530   -0.0257156
       1141.4760   -0.0256379
       1141.1990   -0.0255602
       1140.9220   -0.0254825
       1140.6440   -0.0254048
       1140.3670   -0.0253271
       1140.0900   -0.0252494
       1139.8129   -0.0251717
       1139.5360   -0.0250940
       1139.2580   -0.0250164
       1138.9810   -0.0249387
       1138.7039   -0.0248610
       1138.4270   -0.0247833
       1138.1500   -0.0247056
       1137.8720   -0.0246279
       1137.5951   -0.0245502
       1137.3180   -0.0244725
       1137.0410   -0.0243948
       1136.7640   -0.0243171
       1136.4861   -0.0242395
       1136.2090   -0.0241618
       1135.9320   -0.0240841
       1135.6550   -0.0240064
       1135.3780   -0.0239287
       1135.1000   -0.0238510
       1134.8230   -0.0237733
       1134.5460   -0.0236956
       1134.2690   -0.0236179
       1133.9920   -0.0235402
       1133.7140   -0.0234625
       1133.4370   -0.0233849
       1133.1600   -0.0233072
       1132.8830   -0.0232295
       1132.6060   -0.0231518
       1132.3280   -0.0230741
       1132.0510   -0.0229964
       1131.7739   -0.0229187
       1131.4970   -0.0228410
       1131.2200   -0.0227633
       1130.9420   -0.0226856
       1130.6649   -0.0226080
       1130.3880   -0.0225303
       1130.1110   -0.0224526
       1129.8341   -0.0223749
       1129.5559   -0.0222972
       1129.2790   -0.0222195
       1129.0020   -0.0221418
       1128.7251   -0.0220641
       1128.4480    0.0901210
       1128.1710    0.0901987
       1127.8940    0.0902764
       1127.6170    0.0903541
       1127.3390    0.0904318
       1127.3390   -0.0216757
       1127.0620   -0.0215980
       1126.7840   -0.0215203
       1126.5070   -0.0214426
       1126.2300   -0.0213649
       1125.9530   -0.0212872
       1125.6760   -0.0212095
       1125.3980   -0.0211318
       1125.1210   -0.0210541
       1124.8440   -0.0209765
       1124.5670   -0.0208988
       1124.2900   -0.0208211
       1124.0120   -0.0207434
       1123.7350   -0.0206657
       1123.4580   -0.0205880
       1123.1810   -0.0205103
       1122.9039   -0.0204326
       1122.6259   -0.0203549
       1122.3490   -0.0202772
       1122.0720   -0.0201995
       1121.7951   -0.0201219
       1121.5180   -0.0200442
       1121.2400   -0.0199665
       1120.9630   -0.0198888
       1120.6861   -0.0198111
       1120.4090   -0.0197334
       1120.1320   -0.0196557
       1119.8540   -0.0195780
       1119.5771   -0.0195003
       1119.3000   -0.0194226
       1119.0230   -0.0193449
       1118.7460   -0.0192672
       1118.4680   -0.0191896
       1118.1910   -0.0191119
       1117.9140   -0.0190342
       1117.6370   -0.0189565
       1117.3600   -0.0188788
       1117.0820   -0.0188011
       1116.8050   -0.0187234
       1116.5280   -0.0186457
       1116.2510   -0.0185680
       1115.9739   -0.0184903
       1115.6960   -0.0184127
       1115.4190   -0.0183350
       1115.1420   -0.0182573
       1114.8649   -0.0181796
       1114.5880   -0.0181019
       1114.3100   -0.0180242
       1114.0330   -0.0179465
       1113.7559   -0.0178688
       1113.4790   -0.0177911
       1113.2020   -0.0177134
       1112.9240   -0.0176357
       1112.6471   -0.0175581
       1112.3700   -0.0174804
       1112.0930   -0.0174027
       1111.8160   -0.0173250
       1111.5381   -0.0172473
       1111.2610   -0.0171696
       1110.9840   -0.0170919
       1110.7070   -0.0170142
       1110.4300   -0.0169365
       1110.1520   -0.0168588
       1109.8750   -0.0167812
       1109.5980   -0.0167035
       1109.3210   -0.0166258
       1109.0440   -0.0165481
       1108.7660   -0.0164704
       1108.4890   -0.0163927
       1108.2120   -0.0163150
       1107.9350   -0.0162373
       1107.6580   -0.0161596
       1107.3800   -0.0160819
       1107.1030   -0.0160042
       1106.8259   -0.0159266
       1106.5490   -0.0158489
       1106.2720   -0.0157712
       1105.9940   -0.0156935
       1105.7169   -0.0156158
       1105.4400   -0.0155381
       1105.1630   -0.0154604
       1104.8861   -0.0153827
       1104.6081   -0.0153050
       1104.3310   -0.0152274
       1104.0540   -0.0151497
       1103.7771   -0.0150720
       1103.5000   -0.0149943
       1103.2230    0.0971909
       1102.9460    0.0972686
       1102.6690    0.0973463
       1102.3910    0.0974239
       1102.1140    0.0975016
       1101.8370    0.0975793
       1101.5600    0.0976570
       1101.2830    0.0977347
       1101.0050    0.0978124
       1100.7280    0.0978901
       1100.7280   -0.0142174
       1100.4500   -0.0141397
       1100.1730   -0.0140620
       1099.8960   -0.0139843
       1099.6190   -0.0139066
       1099.3420   -0.0138289
       1099.0640   -0.0137512
       1098.7870   -0.0136735
       1098.5100   -0.0135958
       1098.2330   -0.0135181
       1097.9559    0.0986670
       1097.6790    0.0987447
       1097.6779   -0.0133628
       1097.4010   -0.0132851
       1097.1240   -0.0132074
       1096.8471   -0.0131297
       1096.5700   -0.0130520
       1096.2920   -0.0129743
       1096.0150   -0.0128966
       1095.7381   -0.0128189
       1095.4610   -0.0127412
       1095.1840   -0.0126636
       1094.9060   -0.0125859
       1094.6290   -0.0125082
       1094.3520   -0.0124305
       1094.0750   -0.0123528
       1093.7980   -0.0122751
       1093.5200   -0.0121974
       1093.2430   -0.0121197
       1092.9660   -0.0120420
       1092.6890   -0.0119643
       1092.4120   -0.0118866
       1092.1340   -0.0118090
       1091.8570   -0.0117313
       1091.8570    -0.123839
       1091.5790    -0.123761
       1091.3030   -0.0115759
       1091.0259   -0.0114982
       1090.7480   -0.0114205
       1090.4710   -0.0113428
       1090.1940   -0.0112651
       1089.9169   -0.0111874
       1089.6400   -0.0111097
       1089.3620   -0.0110321
       1089.0850   -0.0109544
       1088.8079   -0.0108767
       1088.5310   -0.0107990
       1088.2540   -0.0107213
       1087.9760   -0.0106436
       1087.6991   -0.0105659
       1087.4220   -0.0104882
       1087.1450   -0.0104105
       1086.8680   -0.0103328
       1086.5901   -0.0102551
       1086.3130   -0.0101775
       1086.0360   -0.0100998
       1085.7590   -0.0100221
       1085.4820  -0.00994439
       1085.2040  -0.00986670
       1084.9270  -0.00978901
       1084.6500  -0.00971132
       1084.3730  -0.00963363
       1084.0960  -0.00955594
       1083.8180  -0.00947825
       1083.5410  -0.00940055
       1083.2640  -0.00932286
       1082.9870  -0.00924517
       1082.7100  -0.00916748
       1082.4320  -0.00908979
       1082.1550  -0.00901210
       1081.8779  -0.00893441
       1081.6010  -0.00885672
       1081.3240  -0.00877903
       1081.0460  -0.00870134
       1080.7689  -0.00862365
       1080.4920  -0.00854596
       1080.2150  -0.00846827
       1079.9381  -0.00839058
       1079.6601  -0.00831289
       1079.3830  -0.00823520
       1079.1060  -0.00815751
       1078.8291  -0.00807982
       1078.5520  -0.00800213
       1078.2740  -0.00792443
       1077.9970  -0.00784674
       1077.7200  -0.00776905
       1077.4430  -0.00769136
       1077.1660  -0.00761367
       1076.8880  -0.00753598
       1076.6110  -0.00745829
       1076.3340  -0.00738060
       1076.0570  -0.00730291
       1075.7800  -0.00722522
       1075.5020  -0.00714753
       1075.2250  -0.00706984
       1074.9490     0.105115
       1074.6710     0.105193
       1074.3940     0.105271
       1074.1169     0.105348
       1074.1160  -0.00675908
       1073.8389  -0.00668139
       1073.5620  -0.00660370
       1073.2850  -0.00652600
       1073.0079  -0.00644831
       1072.7299  -0.00637062
       1072.4530  -0.00629293
       1072.1760  -0.00621524
       1071.8991  -0.00613755
       1071.6220  -0.00605986
       1071.3440  -0.00598217
       1071.0670  -0.00590448
       1070.7901  -0.00582679
       1070.5130  -0.00574910
       1070.2360  -0.00567141
       1069.9580  -0.00559372
       1069.6810  -0.00551603
       1069.4040  -0.00543834
       1069.1270  -0.00536065
       1068.8500  -0.00528296
       1068.5720  -0.00520527
       1068.2950  -0.00512758
       1068.0180  -0.00504988
       1067.7410  -0.00497219
       1067.4640  -0.00489450
       1067.1860  -0.00481681
       1066.9090  -0.00473912
       1066.6320  -0.00466143
       1066.3550  -0.00458374
       1066.0779  -0.00450605
       1065.8000  -0.00442836
       1065.5230  -0.00435067
       1065.2460  -0.00427298
       1064.9689  -0.00419529
       1064.6920  -0.00411760
       1064.4140  -0.00403991
       1064.1370  -0.00396222
       1063.8601  -0.00388453
       1063.5830  -0.00380684
       1063.3060  -0.00372915
       1063.0280  -0.00365146
       1062.7511  -0.00357377
       1062.4740  -0.00349607
