       2491.4880     0.118261
       2491.4880     0.118261
       2491.1010     0.118569
       2490.7141     0.118877
       2490.3281     0.119185
       2489.9409     0.119493
       2489.5539     0.119801
       2489.1670     0.120109
       2488.7800     0.120417
       2488.3931     0.120726
       2488.0061     0.121034
       2487.6189     0.121342
       2487.2320     0.121650
       2486.8450     0.121958
       2486.4581     0.122266
       2486.0711     0.122574
       2485.6839     0.122883
       2485.2970     0.123191
       2484.9100     0.123499
       2484.5231     0.123807
       2484.1361     0.124115
       2483.7489     0.124423
       2483.3620     0.124731
       2482.9750     0.125039
       2482.5890     0.125348
       2482.2021     0.125656
       2481.8151     0.125964
       2481.4279     0.126272
       2481.0410     0.126580
       2480.6540     0.126888
       2480.2670     0.127196
       2479.8801     0.127504
       2479.4929     0.127813
       2479.1059     0.128121
       2478.7190     0.128429
       2478.3320     0.128737
       2477.9451     0.129045
       2477.5579     0.129353
       2477.1709     0.129661
       2476.7840     0.129969
       2476.3970     0.130278
       2476.0101     0.130586
       2475.6229     0.130894
       2475.2359     0.131202
       2474.8499     0.131510
       2474.4630     0.131818
       2474.0760     0.132126
       2474.0739    0.0206448
       2473.6869    0.0209529
       2473.3000    0.0212610
       2472.9130    0.0215691
       2472.5270    0.0218773
       2472.1401    0.0221854
       2471.7529    0.0224935
       2471.3659    0.0228017
       2470.9790    0.0231098
       2470.5920    0.0234179
       2470.2051    0.0237261
       2469.8181    0.0240342
       2469.4309    0.0243423
       2469.0440    0.0246505
       2468.6570    0.0249586
       2468.2701    0.0252667
       2467.8841     0.137056
       2467.4971     0.137365
       2467.1099     0.137673
       2466.7239     0.137981
       2466.3370     0.138289
       2466.3351    0.0268074
       2465.9481    0.0271155
       2465.5609    0.0274236
       2465.1740    0.0277318
       2464.7880    0.0280399
       2464.4020     0.139830
       2464.0150     0.140138
       2463.6281     0.140446
       2463.2411     0.140754
       2463.2399    0.0292724
       2462.8530    0.0295806
       2462.4670     0.141370
       2462.0800     0.141678
       2461.6930     0.141987
       2461.6921    0.0305049
       2461.3049    0.0308131
       2460.9189     0.142603
       2460.5319     0.142911
       2460.1450     0.143219
       2459.7580     0.143527
       2459.3711     0.143835
       2458.9851     0.144144
       2458.5979     0.144452
       2458.2109     0.144760
       2458.2090    0.0332781
       2457.8221    0.0335862
       2457.4349    0.0338944
       2457.0479    0.0342025
       2456.6619    0.0345106
       2456.2750    0.0348188
       2455.8880    0.0351269
       2455.5020     0.146917
       2455.1151     0.147225
       2455.1139    0.0357432
       2454.7269    0.0360513
       2454.3400    0.0363594
       2453.9530    0.0366676
       2453.5661    0.0369757
       2453.1801     0.148766
       2452.7929     0.149074
       2452.4059     0.149382
       2452.0190     0.149690
       2451.6320     0.149998
       2451.6311    0.0385163
       2451.2441    0.0388245
       2450.8569    0.0391326
       2450.4700    0.0394407
       2450.0830    0.0397489
       2449.6961    0.0400570
       2449.3091    0.0403651
       2448.9231    0.0406732
       2448.5359    0.0409814
       2448.1490    0.0412895
       2447.7620    0.0415976
       2447.3751    0.0419058
       2446.9881    0.0422139
       2446.6009    0.0425220
       2446.2140    0.0428302
       2445.8270    0.0431383
       2445.4401    0.0434464
       2445.0531    0.0437546
       2444.6659    0.0440627
       2444.2790    0.0443708
       2443.8920    0.0446789
       2443.5050    0.0449871
       2443.1181    0.0452952
       2442.7309    0.0456033
       2442.3440    0.0459115
       2441.9570    0.0462196
       2441.5700    0.0465277
       2441.1840    0.0468359
       2440.7971    0.0471440
       2440.4099    0.0474521
       2440.0229    0.0477603
       2439.6360    0.0480684
       2439.2490    0.0483765
       2438.8621    0.0486846
       2438.4749    0.0489928
       2438.0879    0.0493009
       2437.7010    0.0496090
       2437.3140    0.0499172
       2436.9271    0.0502253
       2436.5399    0.0505334
       2436.1529    0.0508416
       2435.7660    0.0511497
       2435.3790    0.0514578
       2434.9921    0.0517660
       2434.6049    0.0520741
       2434.2179    0.0523822
       2433.8310    0.0526903
       2433.4450    0.0529985
       2433.0580    0.0533066
       2432.6711    0.0536147
       2432.2841    0.0539229
       2431.8969    0.0542310
       2431.5100    0.0545391
       2431.1230    0.0548473
       2430.7361    0.0551554
       2430.3491    0.0554635
       2429.9619    0.0557717
       2429.5750    0.0560798
       2429.1880    0.0563879
       2428.8011    0.0566960
       2428.4141    0.0570042
       2428.0269    0.0573123
       2427.6400    0.0576204
       2427.2530    0.0579286
       2426.8661    0.0582367
       2426.4791    0.0585448
       2426.0919    0.0588530
       2425.7050    0.0591611
       2425.7040   -0.0523206
       2425.3170   -0.0520125
       2424.9320    0.0597774
       2424.5450    0.0600855
       2424.1581    0.0603936
       2423.7709    0.0607018
       2423.3840    0.0610099
       2422.9970    0.0613180
       2422.6100    0.0616261
       2422.2231    0.0619343
       2421.8359    0.0622424
       2421.4489    0.0625505
       2421.0620    0.0628587
       2420.6750    0.0631668
       2420.2881    0.0634749
       2419.9009    0.0637831
       2419.5139    0.0640912
       2419.1270    0.0643993
       2418.7400    0.0647075
       2418.3531    0.0650156
       2417.9659    0.0653237
       2417.5799    0.0656318
       2417.1929    0.0659400
       2416.8060    0.0662481
       2416.4190    0.0665562
       2416.0321    0.0668644
       2415.6449    0.0671725
       2415.2579    0.0674806
       2414.8710    0.0677888
       2414.4840    0.0680969
       2414.0971    0.0684050
       2413.7101    0.0687132
       2413.3229    0.0690213
       2412.9360    0.0693294
       2412.5490    0.0696375
       2412.1621    0.0699457
       2411.7751    0.0702538
       2411.3879    0.0705619
       2411.0010    0.0708701
       2411.0000   -0.0406116
       2410.6131   -0.0403035
       2410.2261   -0.0399954
       2409.8389   -0.0396872
       2409.4520   -0.0393791
       2409.0650   -0.0390710
       2408.6781   -0.0387628
       2408.2911   -0.0384547
       2407.9039   -0.0381466
       2407.5179   -0.0378385
       2407.1310   -0.0375303
       2406.7440   -0.0372222
       2406.3570   -0.0369141
       2405.9701   -0.0366059
       2405.5829   -0.0362978
       2405.1960   -0.0359897
       2404.8090   -0.0356815
       2404.4230    0.0761083
       2404.0360    0.0764164
       2404.0351   -0.0350653
       2403.6479   -0.0347571
       2403.2609   -0.0344490
       2402.8740   -0.0341409
       2402.4870   -0.0338328
       2402.1001   -0.0335246
       2401.7129   -0.0332165
       2401.3281    0.0785733
       2400.9409    0.0788815
       2400.5539    0.0791896
       2400.1670    0.0794977
       2399.7800    0.0798059
       2399.7791   -0.0316758
       2399.3919   -0.0313677
       2399.0049   -0.0310596
       2398.6180   -0.0307514
       2398.2310   -0.0304433
       2397.8441   -0.0301352
       2397.4569   -0.0298271
       2397.0699   -0.0295189
       2396.6830   -0.0292108
       2396.2960   -0.0289027
       2395.9091   -0.0285945
       2395.5221   -0.0282864
       2395.1349   -0.0279783
       2394.7480   -0.0276701
       2394.3610   -0.0273620
       2393.9741   -0.0270539
       2393.5871   -0.0267457
       2393.1999   -0.0264376
       2392.8130   -0.0261295
       2392.4260   -0.0258214
       2392.0400   -0.0255132
       2391.6531   -0.0252051
       2391.2661   -0.0248970
       2390.8789   -0.0245888
       2390.4920   -0.0242807
       2390.1050   -0.0239726
       2389.7181   -0.0236644
       2389.3311   -0.0233563
       2388.9439   -0.0230482
       2388.5570   -0.0227400
       2388.1700   -0.0224319
       2387.7831   -0.0221238
       2387.3961   -0.0218157
       2387.0089   -0.0215075
       2386.6220   -0.0211994
       2386.2350   -0.0208913
       2385.8480   -0.0205831
       2385.4611   -0.0202750
       2385.0739   -0.0199669
       2384.6869   -0.0196587
       2384.3000   -0.0193506
       2383.9140   -0.0190425
       2383.5270   -0.0187344
       2383.1401   -0.0184262
       2382.7529   -0.0181181
       2382.3659   -0.0178099
       2381.9790   -0.0175018
       2381.5920   -0.0171937
       2381.2051   -0.0168856
       2380.8179   -0.0165774
       2380.4309   -0.0162693
       2380.0440   -0.0159612
       2379.6570   -0.0156530
       2379.2701   -0.0153449
       2378.8829   -0.0150368
       2378.4959   -0.0147287
       2378.1090   -0.0144205
       2377.7220   -0.0141124
       2377.3351   -0.0138043
       2376.9481   -0.0134961
       2376.5609   -0.0131880
       2376.1749   -0.0128799
       2375.7880   -0.0125717
       2375.4010   -0.0122636
       2375.0141   -0.0119555
       2374.6271   -0.0116473
       2374.2399   -0.0113392
       2373.8530   -0.0110311
       2373.4660   -0.0107230
       2373.0791   -0.0104148
       2372.6921   -0.0101067
       2372.3049  -0.00979856
       2371.9180  -0.00949043
       2371.5310  -0.00918229
       2371.1441  -0.00887416
       2370.7571  -0.00856603
       2370.3699  -0.00825790
       2369.9830  -0.00794977
       2369.5960  -0.00764164
       2369.2091  -0.00733351
       2368.8221  -0.00702538
       2368.4361  -0.00671725
       2368.0489  -0.00640912
       2367.6620  -0.00610099
       2367.6600    -0.117583
       2367.2750  -0.00579286
       2366.8880  -0.00548473
       2366.5011  -0.00517660
       2366.1139  -0.00486847
       2365.7269  -0.00456033
       2365.3400  -0.00425220
       2364.9530  -0.00394407
       2364.5661  -0.00363594
       2364.1789  -0.00332781
       2363.7919  -0.00301968
       2363.4050  -0.00271155
       2363.0180  -0.00240342
       2362.6311  -0.00209529
       2362.2439  -0.00178716
       2361.8569  -0.00147903
       2361.4700  -0.00117090
       2361.0830 -0.000862766
       2360.6970 -0.000554635
       2360.3101 -0.000246505
       2360.3079    -0.111728
       2359.9210    -0.111420
       2359.5359  0.000369757
       2359.1490  0.000677888
       2358.7620  0.000986018
       2358.3751   0.00129415
       2357.9881   0.00160228
       2357.6009   0.00191041
       2357.2140   0.00221854
       2356.8270   0.00252667
       2356.8261    -0.108955
       2356.4391    -0.108647
       2356.0531   0.00314293
       2355.6659   0.00345106
       2355.2790   0.00375920
       2354.8920   0.00406733
       2354.5051   0.00437546
       2354.1181   0.00468359
       2353.7309   0.00499172
       2353.3440   0.00529985
       2352.9580   0.00560798
       2352.5710   0.00591611
       2352.1841   0.00622424
       2351.7971   0.00653237
       2351.4099   0.00684050
       2351.0239     0.118630
       2350.6370     0.118938
       2350.2500     0.119247
       2349.8631     0.119555
       2349.4761     0.119863
       2349.0889     0.120171
       2348.7020     0.120479
       2348.3150     0.120787
       2347.9280     0.121095
       2347.5411     0.121404
       2347.1551     0.121712
       2346.7679     0.122020
       2346.3809     0.122328
       2345.9940     0.122636
       2345.6070     0.122944
       2345.2210     0.234734
       2344.8341     0.235042
       2344.4469     0.235350
       2344.0599     0.235658
       2343.6730     0.235967
       2343.2860     0.236275
       2342.9010     0.348064
       2342.5140     0.348373
       2342.1271     0.348681
       2341.7399     0.348989
       2341.3539     0.460779
       2340.9669     0.461087
       2340.5800     0.461395
       2340.1930     0.461703
       2339.8080     0.573493
       2339.4210     0.573801
       2339.0350     0.685591
       2338.6481     0.685899
       2338.2621     0.797689
       2337.8749     0.797997
       2337.4901     0.909787
       2337.1029     0.910095
       2336.7159     0.910403
       2336.3299      1.02219
       2335.9430      1.02250
       2335.5560      1.02281
       2335.1710      1.13460
       2334.7840      1.13491
       2334.3980      1.24670
       2334.0111      1.24700
       2333.6260      1.35880
       2333.2391      1.35910
       2332.8531      1.47089
       2332.4659      1.47120
       2332.0799      1.58299
       2331.6951      1.69478
       2331.3079      1.69509
       2330.9219      1.80688
       2330.5359      1.91867
       2330.1489      1.91898
       2329.7639      2.03077
       2329.3779      2.14256
       2328.9919      2.25435
       2328.6049      2.25465
       2328.2220      2.58941
       2328.2211      2.47793
       2327.8351      2.58972
       2327.4500      2.70150
       2327.0640      2.81329
       2326.6790      2.92509
       2326.2930      3.03688
       2325.9070      3.14866
       2325.5219      3.26045
       2325.1381      3.59521
       2325.1369      3.48373
       2324.7499      3.48403
       2324.3680      3.93027
       2324.3670      3.81879
       2323.9820      3.93058
       2323.6001      4.37681
       2323.2131      4.37712
       2322.8300      4.71187
       2322.8281      4.60039
       2322.4411      4.60070
       2322.0611      5.15842
       2322.0601      5.04693
       2322.0580      4.93545
       2321.6729      5.04724
       2321.2950      5.82792
       2321.2941      5.71644
       2321.2910      5.49348
       2320.9081      5.82823
       2320.5221      5.94002
       2320.1461      6.83218
       2320.1439      6.72070
       2320.1420      6.49774
       2319.7560      6.60953
       2319.3719      6.83280
       2318.9931      7.50200
       2318.9909      7.39051
       2318.9890      7.16755
       2318.6121      8.05971
       2318.6109      7.94823
       2318.6090      7.83675
       2318.2230      7.83706
       2317.8520      9.28663
       2317.8511      9.17515
       2317.8489      8.95218
       2317.8451      8.61774
       2317.4620      8.95249
       2317.0791      9.28724
       2316.6969      9.73348
       2316.3121      9.95675
       2315.9380      11.0719
       2315.9370      10.9604
       2315.9361      10.8489
       2315.9330      10.6259
       2315.5501      10.9607
       2315.1770      12.1873
       2315.1760      12.0758
       2315.1751      11.9643
       2315.1710      11.6299
       2314.7900      12.1876
       2314.4090      12.6339
       2314.0290      13.3031
       2313.6489      13.8608
       2313.2689      14.4185
       2312.8870      14.8647
       2312.5179      16.4258
       2312.5169      16.3143
       2312.5141      16.0913
       2312.5091      15.6454
       2312.1400      17.2064
       2312.1390      17.0950
       2312.1369      16.9835
       2312.1340      16.6490
       2311.7490      16.8723
       2311.3971      19.8826
       2311.3959      19.7712
       2311.3930      19.5482
       2311.3880      19.1023
       2311.3790      18.3219
       2310.9989      18.8796
       2310.6191      19.5488
       2310.2429      20.4410
       2309.8581      20.6642
       2309.5031      23.3401
       2309.5009      23.2286
       2309.1249      24.1208
       2309.1230      24.0093
       2309.1221      23.8978
       2309.1180      23.5634
       2309.1130      23.1174
       2308.7361      24.0096
       2308.3589      24.7903
       2307.9791      25.4595
       2307.6229      28.1353
       2307.6220      28.0239
       2307.6210      27.9124
       2307.6179      27.6894
       2307.6129      27.2435
       2307.2340      27.9127
       2306.8550      28.5819
       2306.4730      29.0281
       2306.1199      31.9270
       2306.1180      31.8155
       2306.1161      31.5925
       2306.1111      31.1466
       2305.7261      31.3699
       2305.3761      34.4917
       2305.3739      34.3802
       2305.3730      34.2687
       2305.3689      33.9342
       2305.3610      33.2654
       2304.9829      34.0460
       2304.6091      35.1612
       2304.2409      36.7222
       2303.8630      37.5029
       2303.4899      38.7295
       2303.1189      40.0676
       2302.7411      40.8483
       2302.3889      43.8586
       2302.3870      43.7471
       2302.3860      43.6356
       2302.3820      43.3012
       2302.3739      42.6323
       2301.9969      43.4130
       2301.6291      45.0855
       2301.2600      46.6465
       2300.8821      47.4272
       2300.5080      48.5424
       2300.1361      49.7690
       2299.7630      50.9956
       2299.3889      52.1107
       2299.0291      54.4521
       2298.6579      55.7902
       2298.2781      56.4594
       2297.9021      57.3516
       2297.5280      58.4667
       2297.1549      59.6933
       2296.7861      61.2543
       2296.4120      62.3695
       2296.0420      63.8190
       2295.6660      64.7112
       2295.2919      65.8263
       2294.9190      67.0529
       2294.5421      67.9451
       2294.1680      69.0602
       2293.7839      69.2835
       2293.4279      71.9594
       2293.4270      71.8479
       2293.4251      71.7364
       2293.4229      71.5134
       2293.4179      71.0675
       2293.0410      71.9597
       2292.6619      72.6289
       2292.2921      74.0784
       2291.9121      74.7476
       2291.5330      75.4168
       2291.1551      76.1975
       2290.7791      77.0897
       2290.4041      78.0933
       2290.0240      78.7625
       2289.6450      79.4317
       2289.2661      80.1009
       2288.8851      80.6586
       2288.5089      81.5508
       2288.1310      82.3315
       2287.7491      82.7777
       2287.3700      83.4469
       2286.9861      83.6702
       2286.6180      85.3427
       2286.6170      85.2312
       2286.6139      85.0083
       2286.6089      84.5623
       2286.2301      85.2315
       2285.8479      85.6778
       2285.4691      86.3470
       2285.0881      86.9047
       2284.7049      87.2394
       2284.3249      87.7972
       2283.9410      88.0204
       2283.5670      89.1356
       2283.5650      89.0241
       2283.5629      88.8011
       2283.1781      89.0244
       2282.7930      89.1362
       2282.4099      89.4709
       2282.0261      89.8057
       2281.6410      89.9175
       2281.2581      90.2522
       2280.8721      90.3640
       2280.4940      91.1447
       2280.4930      91.0332
       2280.4921      90.9217
       2280.1070      91.1450
       2279.7229      91.3683
       2279.3369      91.4801
       2278.9531      91.7033
       2278.5699      92.0381
       2278.1839      92.1499
       2277.8001      92.3732
       2277.4141      92.4849
       2277.0300      92.7082
       2276.6440      92.8200
       2276.2580      92.9318
       2275.8739      93.1551
       2275.4879      93.2669
       2275.1031      93.3786
       2274.7171      93.4904
       2274.3311      93.6022
       2273.9460      93.7140
       2273.5600      93.8258
       2273.1731      93.8261
       2272.7880      93.9379
       2272.4020      94.0497
       2272.0160      94.1615
       2271.6291      94.1618
       2271.2440      94.2736
       2270.8571      94.2739
       2270.4699      94.2742
       2270.0830      94.2745
       2269.6960      94.2748
       2269.3090      94.2751
       2268.9221      94.2754
       2268.5349      94.2757
       2268.1489      94.3875
       2267.7619      94.3878
       2267.3750      94.3881
       2266.9880      94.3885
       2266.6020      94.3887
       2266.2151      94.3891
       2265.8279      94.3894
       2265.8260      94.2779
       2265.4409      94.3897
       2265.0540      94.3900
       2264.6680      94.5018
       2264.2810      94.5021
       2263.8941      94.5024
       2263.5069      94.5027
       2263.1199      94.5030
       2262.7330      94.5033
       2262.3460      94.5036
       2262.3451      94.3921
       2261.9579      94.3924
       2261.5709      94.3928
       2261.1840      94.3931
       2260.7970      94.3934
       2260.4101      94.3937
       2260.0231      94.3940
       2260.0219      94.2825
       2259.6350      94.2828
       2259.2480      94.2831
       2258.8611      94.2834
       2258.4741      94.2837
       2258.0869      94.2840
       2257.7000      94.2844
       2257.3130      94.2847
       2256.9261      94.2850
       2256.9251      94.1735
       2256.5379      94.1738
       2256.1510      94.1741
       2255.7640      94.1744
       2255.3771      94.1747
       2254.9901      94.1750
       2254.6029      94.1753
       2254.2169      94.1757
       2253.8300      94.1760
       2253.4430      94.1763
       2253.0560      94.1766
       2252.6691      94.1769
       2252.6670      94.0654
       2252.2800      94.0657
       2251.8940      94.0660
       2251.5070      94.0663
       2251.1201      94.0666
       2250.7329      94.0669
       2250.7310      93.9555
       2250.3440      93.9558
       2249.9571      93.9561
       2249.5711      93.9564
       2249.1839      93.9567
       2248.7969      93.9570
       2248.4100      93.9573
       2248.0230      93.9576
       2247.6361      93.9579
       2247.2489      93.9582
       2246.8619      93.9585
       2246.4750      93.9588
       2246.0880      93.9592
       2245.7011      93.9595
       2245.3139      93.9598
       2244.9269      93.9601
       2244.5400      93.9604
       2244.1530      93.9607
       2243.7661      93.9610
       2243.3791      93.9613
       2242.9919      93.9616
       2242.6050      93.9619
       2242.2180      93.9622
       2241.8320      93.9625
       2241.4451      93.9629
       2241.0581      93.9632
       2240.6709      93.9635
       2240.2840      93.9638
       2239.8970      93.9641
       2239.5101      93.9644
       2239.1241      94.0762
       2238.7371      94.0765
       2238.3499      94.0768
       2237.9651      94.1886
       2237.5779      94.1889
       2237.1910      94.1892
       2237.1891      94.0777
       2236.8021      94.0780
       2236.4161      94.0783
       2236.0289      94.0787
       2235.6420      94.0790
       2235.2550      94.0793
       2234.8680      94.0796
       2234.8659      93.9681
       2234.4790      93.9684
       2234.0930      93.9687
       2233.7060      93.9690
       2233.3190      93.9693
       2232.9321      93.9696
       2232.5449      93.9699
       2232.1579      93.9703
       2231.7710      93.9706
       2231.3840      93.9709
       2230.9971      93.9712
       2230.6111      94.0830
       2230.2239      94.0833
       2229.8369      94.0836
       2229.8360      93.9721
       2229.4490      93.9724
       2229.0621      93.9727
       2228.6749      93.9730
       2228.2879      93.9733
       2227.9010      93.9736
       2227.5140      93.9740
       2227.1271      93.9743
       2226.7420      94.0861
       2226.3551      94.0864
       2225.9679      94.0867
       2225.5809      94.0870
       2225.1940      94.0873
       2224.8070      94.0876
       2224.4201      94.0879
       2224.4191      93.9764
       2224.0319      93.9767
       2223.6450      93.9770
       2223.2580      93.9773
       2222.8711      93.9777
       2222.4841      93.9780
       2222.0969      93.9783
       2221.7100      93.9786
       2221.3230      93.9789
       2220.9361      93.9792
       2220.5510      94.0910
       2220.1641      94.0913
       2219.7771      94.0916
       2219.3899      94.0919
       2219.0030      94.0922
       2218.6160      94.0925
       2218.2291      94.0928
       2218.2281      93.9813
       2217.8409      93.9817
       2217.4540      93.9820
       2217.0670      93.9823
       2216.6800      93.9826
       2216.2931      93.9829
       2215.9059      93.9832
       2215.9050      93.8717
       2215.5180      93.8720
       2215.1310      93.8723
       2214.7441      93.8726
       2214.3569      93.8729
       2213.9699      93.8733
       2213.5830      93.8736
       2213.1970      93.9854
       2212.8100      93.9857
       2212.4231      93.9860
       2212.0359      93.9863
       2211.6489      93.9866
       2211.2620      93.9869
       2210.8750      93.9872
       2210.8741      93.8757
       2210.4869      93.8760
       2210.1021      93.9878
       2209.7149      93.9881
       2209.3279      93.9884
       2208.9410      93.9887
       2208.5540      93.9891
       2208.1671      93.9894
       2207.7799      93.9897
       2207.3929      93.9900
       2207.0060      93.9903
       2206.6190      93.9906
       2206.2321      93.9909
       2205.8451      93.9912
       2205.4579      93.9915
       2205.0710      93.9918
       2204.6840      93.9921
       2204.2971      93.9924
       2203.9101      93.9928
       2203.5229      93.9930
       2203.1360      93.9934
       2202.7500      93.9937
       2202.3630      93.9940
       2201.9761      93.9943
       2201.5891      93.9946
       2201.2019      93.9949
       2200.8150      93.9952
       2200.4280      93.9955
       2200.0420      94.1073
       2199.6551      94.1076
       2199.2681      94.1079
       2198.8809      94.1082
       2198.4940      94.1085
       2198.1070      94.1088
       2197.7201      94.1092
       2197.3331      94.1095
       2196.9471      94.1098
       2196.5599      94.1101
       2196.1730      94.1104
       2195.7860      94.1107
       2195.3990      94.1110
       2195.0130      94.2228
       2194.6261      94.2231
       2194.2389      94.2234
       2193.8541      94.3352
       2193.4669      94.3355
       2193.0799      94.3358
       2192.6930      94.3361
       2192.3060      94.3364
       2192.3039      94.2250
       2191.9169      94.2253
       2191.5319      94.3371
       2191.1449      94.3374
       2190.7580      94.3377
       2190.3710      94.3380
       2189.9841      94.3383
       2189.5969      94.3386
       2189.2099      94.3389
       2188.8230      94.3392
       2188.4360      94.3395
       2188.0491      94.3398
       2188.0479      94.2283
       2187.6619      94.3401
       2187.2749      94.3404
       2186.8880      94.3408
       2186.5029      94.4525
       2186.1169      94.5643
       2185.7309      94.6761
       2185.3449      94.6764
       2184.9580      94.6767
       2184.9561      94.5652
       2184.5689      94.5656
       2184.1819      94.5659
       2183.7950      94.5662
       2183.4080      94.5665
       2183.0220      94.5668
       2182.6351      94.5671
       2182.2481      94.5674
       2181.8609      94.5677
       2181.4740      94.5680
       2181.0870      94.5683
       2180.7001      94.5686
       2180.3141      94.6804
       2179.9271      94.6807
       2179.5399      94.6811
       2179.1551      94.7928
       2178.7679      94.7932
       2178.3810      94.7934
       2178.3791      94.6820
       2177.9921      94.6823
       2177.9909      94.5708
       2177.6040      94.5711
       2177.6030      94.4596
       2177.2161      94.4599
       2176.8301      94.5717
       2176.4431      94.5720
       2176.4419      94.4605
       2176.0559      94.5723
       2175.6690      94.5726
       2175.2820      94.5730
       2174.8960      94.5733
       2174.8941      94.4618
       2174.5069      94.4621
       2174.1199      94.4624
       2173.7330      94.4627
       2173.3479      94.5745
       2172.9610      94.5748
       2172.5740      94.5751
       2172.1871      94.5754
       2171.7999      94.5757
       2171.4129      94.5760
       2171.0260      94.5763
       2170.6390      94.5767
       2170.2521      94.5770
       2169.8649      94.5773
       2169.4779      94.5776
       2169.0910      94.5779
       2168.7040      94.5782
       2168.3171      94.5785
       2168.3159      94.4670
       2167.9289      94.4673
       2167.5420      94.4676
       2167.1550      94.4679
       2166.7681      94.4682
       2166.3809      94.4686
       2165.9939      94.4689
       2165.6070      94.4692
       2165.2200      94.4695
       2164.8340      94.4698
       2164.8321      94.3583
       2164.4449      94.3586
       2164.0580      94.3589
       2164.0570      94.2475
       2163.6701      94.2477
       2163.2831      94.2481
       2162.8959      94.2484
       2162.8950      94.1369
       2162.5080      94.1372
       2162.1211      94.1375
       2161.7341      94.1378
       2161.7329      94.0263
       2161.3460      94.0266
       2160.9590      94.0269
       2160.5721      94.0273
       2160.5711      93.9158
       2160.1839      93.9161
       2159.7970      93.9164
       2159.7950      93.8049
       2159.4081      93.8052
       2159.0221      93.8055
       2159.0199      93.6940
       2158.6330      93.6944
       2158.2460      93.6947
       2157.8591      93.6950
       2157.4719      93.6953
       2157.0849      93.6956
       2156.6989      93.6959
       2156.6970      93.5844
       2156.3120      93.6962
       2155.9250      93.6965
       2155.5381      93.6968
       2155.1509      93.6971
       2154.7639      93.6974
       2154.7620      93.5860
       2154.3760      93.5863
       2153.9891      93.5866
       2153.6019      93.5869
       2153.2149      93.5872
       2152.8280      93.5875
       2152.4410      93.5878
       2152.0541      93.5881
       2151.6671      93.5884
       2151.6659      93.4769
       2151.2790      93.4772
       2150.8920      93.4775
       2150.5051      93.4779
       2150.5029      93.3664
       2150.1160      93.3667
       2149.7300      93.3670
       2149.3430      93.3673
       2149.3411      93.2558
       2148.9539      93.2561
       2148.5670      93.2564
       2148.1800      93.2567
       2147.7931      93.2570
       2147.4071      93.2574
       2147.0201      93.2577
       2147.0180      93.1462
       2146.6310      93.1465
       2146.2440      93.1468
       2145.8590      93.2586
       2145.4720      93.2589
       2145.0851      93.2592
       2145.0839      93.1477
       2144.6970      93.1480
       2144.3100      93.1483
       2143.9230      93.1487
       2143.5361      93.1490
       2143.1489      93.1493
       2142.7619      93.1496
       2142.3750      93.1499
       2141.9880      93.1502
       2141.6011      93.1505
       2141.2139      93.1508
       2140.8269      93.1511
       2140.4400      93.1514
       2140.0530      93.1517
       2139.6661      93.1520
       2139.2789      93.1524
       2138.8919      93.1527
       2138.5050      93.1530
       2138.1180      93.1533
       2138.1171      93.0418
       2137.7299      93.0421
       2137.3429      93.0424
       2136.9560      93.0427
       2136.5690      93.0430
       2136.1821      93.0433
       2135.7951      93.0436
       2135.4079      93.0440
       2135.0231      93.1557
       2134.6359      93.1561
       2134.2490      93.1564
       2133.8630      93.2682
       2133.4760      93.2684
       2133.0891      93.2688
       2132.7021      93.2691
       2132.3171      93.3809
       2131.9301      93.3812
       2131.5429      93.3815
       2131.1560      93.3818
       2130.7700      93.4936
       2130.3849      93.6054
       2129.9980      93.6057
       2129.6110      93.6060
       2129.6091      93.4945
       2129.2241      93.6063
       2128.8371      93.6066
       2128.4499      93.6069
       2128.0639      93.7187
       2127.6770      93.7190
       2127.6760      93.6075
       2127.2891      93.6078
       2126.9021      93.6081
       2126.5149      93.6084
       2126.1280      93.6087
       2125.7410      93.6091
       2125.3541      93.6094
       2124.9671      93.6097
       2124.5799      93.6100
       2124.1951      93.7218
       2123.8079      93.7221
       2123.4210      93.7224
       2123.0340      93.7227
       2122.6470      93.7230
       2122.2610      93.8348
       2121.8741      93.8351
       2121.4890      93.9469
       2121.1021      93.9472
       2120.7161      94.0590
       2120.3289      94.0593
       2119.9419      94.0596
       2119.5560      94.1714
       2119.1690      94.1717
       2118.7830      94.1720
       2118.3960      94.1723
       2118.0091      94.1726
       2117.6219      94.1729
       2117.2349      94.1732
       2116.8480      94.1736
       2116.4610      94.1739
       2116.0741      94.1742
       2115.6869      94.1745
       2115.2999      94.1748
       2114.9130      94.1751
       2114.5260      94.1754
       2114.1400      94.2872
       2113.7531      94.2875
       2113.3671      94.2878
       2112.9799      94.2881
       2112.5929      94.2884
       2112.2060      94.2887
       2111.8190      94.2890
       2111.4321      94.2894
       2111.0449      94.2897
       2111.0439      94.1782
       2110.6570      94.1785
       2110.2700      94.1788
       2109.8831      94.1791
       2109.4971      94.2909
       2109.1101      94.2912
       2108.7229      94.2915
       2108.3369      94.4033
       2107.9509      94.4036
       2107.5640      94.4039
       2107.1770      94.4042
       2106.7901      94.4045
       2106.4031      94.4048
       2106.4010      94.2934
       2106.0140      94.2937
       2105.6280      94.2940
       2105.2411      94.2943
       2104.8541      94.2946
       2104.4669      94.2949
       2104.0800      94.2952
       2103.6930      94.2955
       2103.3061      94.2958
       2102.9191      94.2961
       2102.5319      94.2964
       2102.1450      94.2968
       2101.7580      94.2971
       2101.3710      94.2974
       2100.9841      94.2977
       2100.9829      94.1862
       2100.5960      94.1865
       2100.2090      94.1868
       2099.8220      94.1871
       2099.4351      94.1874
       2099.0479      94.1877
       2099.0469      94.0762
       2098.6600      94.0766
       2098.2730      94.0769
       2097.8861      94.0772
       2097.4989      94.0775
       2097.1119      94.0778
       2096.7250      94.0781
       2096.3380      94.0784
       2096.3371      93.9669
       2095.9499      93.9672
       2095.5629      93.9675
       2095.1760      93.9678
       2095.1750      93.8564
       2094.7881      93.8567
       2094.4009      93.8570
       2094.0139      93.8573
       2094.0130      93.7458
       2093.6260      93.7461
       2093.2391      93.7464
       2092.8521      93.7467
       2092.8500      93.6352
       2092.4630      93.6356
       2092.0761      93.6359
       2091.6901      93.6362
       2091.3031      93.6365
       2090.9159      93.6368
       2090.5290      93.6371
       2090.1430      93.7489
       2089.7560      93.7492
       2089.7551      93.6377
       2089.3681      93.6380
       2088.9809      93.6383
       2088.5949      93.7501
       2088.2080      93.7504
       2087.8210      93.7507
       2087.4341      93.7511
       2087.0471      93.7514
       2086.6599      93.7517
       2086.2739      93.7520
       2085.8870      93.7523
       2085.5000      93.7526
       2085.1130      93.7529
       2084.7261      93.7532
       2084.3389      93.7535
       2083.9520      93.7538
       2083.5650      93.7541
       2083.1780      93.7544
       2082.7911      93.7548
       2082.4039      93.7551
       2082.0169      93.7554
       2081.6300      93.7557
       2081.2440      93.8675
       2080.8580      93.8678
       2080.4710      93.8681
       2080.0841      93.8684
       2079.6969      93.8687
       2079.3099      93.8690
       2078.9230      93.8693
       2078.5360      93.8696
       2078.1500      93.9814
       2077.7631      93.9817
       2077.3780      94.0935
       2076.9911      94.0938
       2076.6051      94.2056
       2076.2191      94.3174
       2075.8319      94.3177
       2075.4471      94.4295
       2075.0599      94.4298
       2074.6739      94.5416
       2074.2869      94.5419
       2073.9009      94.6537
       2073.5159      94.7655
       2073.1289      94.7658
       2072.7429      94.8776
       2072.3560      94.8779
       2071.9690      94.8782
       2071.5840      94.9900
       2071.1970      94.9903
       2070.8110      95.1021
       2070.4241      95.1024
       2070.0381      95.2142
       2069.6509      95.2145
       2069.2649      95.2148
       2068.8789      95.3266
       2068.4929      95.4384
       2068.1059      95.4387
       2067.7209      95.5505
       2067.3349      95.6623
       2066.9479      95.6626
       2066.5610      95.6629
       2066.1740      95.6632
       2065.7871      95.6635
       2065.3999      95.6638
       2065.0129      95.6641
       2064.6260      95.6644
       2064.2409      95.7762
       2063.8549      95.8880
       2063.4680      95.8883
       2063.0810      95.8886
       2062.6950      96.0004
       2062.3081      96.0007
       2061.9230      96.1125
       2061.5361      96.1128
       2061.1489      96.1131
       2060.7619      96.1134
       2060.3750      96.1137
       2059.9880      96.1140
       2059.6011      96.1143
       2059.2141      96.1147
       2058.8269      96.1150
       2058.4400      96.1153
       2058.4390      96.0038
       2058.0521      96.0041
       2057.6651      96.0044
       2057.2779      96.0047
       2056.8910      96.0050
       2056.5040      96.0053
       2056.1171      96.0056
       2056.1161      95.8942
       2055.7289      95.8945
       2055.3420      95.8948
       2054.9550      95.8951
       2054.5681      95.8954
       2054.5671      95.7839
       2054.1799      95.7842
       2053.7930      95.7845
       2053.7920      95.6730
       2053.4050      95.6733
       2053.4029      95.5619
       2053.0159      95.5622
       2052.6299      95.5625
       2052.6280      95.4510
       2052.2411      95.4513
       2052.2399      95.3398
       2051.8529      95.3401
       2051.8520      95.2287
       2051.4650      95.2290
       2051.4629      95.1175
       2051.0769      95.1178
       2051.0750      95.0063
       2050.6880      95.0066
       2050.3011      95.0069
       2050.2999      94.8954
       2049.9129      94.8958
       2049.9120      94.7843
       2049.5250      94.7846
       2049.5241      94.6731
       2049.1371      94.6734
       2049.1350      94.5619
       2048.7480      94.5622
       2048.7471      94.4508
       2048.3601      94.4511
       2048.3589      94.3396
       2048.3580      94.2281
       2047.9710      94.2284
       2047.9691      94.1169
       2047.5819      94.1172
       2047.5810      94.0058
       2047.1940      94.0061
       2047.1931      93.8946
       2046.8061      93.8949
       2046.8049      93.7834
       2046.4180      93.7837
       2046.4160      93.6722
       2046.0291      93.6725
       2046.0279      93.5611
       2045.6409      93.5614
       2045.6400      93.4499
       2045.2530      93.4502
       2045.2521      93.3387
       2044.8649      93.3390
       2044.8630      93.2275
       2044.4760      93.2278
       2044.4751      93.1164
       2044.0879      93.1167
       2044.0869      93.0052
       2043.7000      93.0055
       2043.6990      92.8940
       2043.3121      92.8943
       2043.3099      92.7828
       2042.9230      92.7831
       2042.9220      92.6717
       2042.5351      92.6720
       2042.5341      92.5605
       2042.5329      92.4490
       2042.1460      92.4493
       2042.1441      92.3378
       2041.7571      92.3382
       2041.3699      92.3384
       2041.3690      92.2270
       2040.9820      92.2273
       2040.9811      92.1158
       2040.5941      92.1161
       2040.5929      92.0046
       2040.2060      92.0049
       2040.2040      91.8934
       2040.2031      91.7820
       2039.8159      91.7823
       2039.8149      91.6708
       2039.8140      91.5593
       2039.4270      91.5596
       2039.4249      91.4481
       2039.0379      91.4484
       2039.0370      91.3370
       2038.6500      91.3373
       2038.2631      91.3376
       2038.2619      91.2261
       2037.8749      91.2264
       2037.8740      91.1149
       2037.4870      91.1152
       2037.4849      91.0038
       2037.0979      91.0041
       2037.0970      90.8926
       2036.7100      90.8929
       2036.7091      90.7814
       2036.7081      90.6699
       2036.3209      90.6702
       2036.3190      90.5587
       2035.9321      90.5591
       2035.5451      90.5594
       2035.5439      90.4479
       2035.1570      90.4482
       2034.7700      90.4485
       2034.7691      90.3370
       2034.3821      90.3373
       2034.3809      90.2259
       2033.9940      90.2262
       2033.6070      90.2265
       2033.2201      90.2268
       2033.2191      90.1153
       2032.8319      90.1156
       2032.4450      90.1159
       2032.0580      90.1162
       2031.6710      90.1165
       2031.2841      90.1168
       2030.8969      90.1171
       2030.5099      90.1174
       2030.1230      90.1178
       2029.7360      90.1181
       2029.3500      90.2299
       2028.9631      90.2302
       2028.5759      90.2305
       2028.1911      90.3423
       2027.8039      90.3426
       2027.4169      90.3429
       2027.0300      90.3432
       2026.6430      90.3435
       2026.2570      90.4553
       2025.8701      90.4556
       2025.4829      90.4559
       2025.0981      90.5677
       2024.7121      90.6795
       2024.3261      90.7913
       2023.9410      90.9031
       2023.5550      91.0148
       2023.1700      91.1266
       2022.7830      91.1269
       2022.3970      91.2387
       2022.0110      91.3505
       2021.6260      91.4623
       2021.2390      91.4626
       2020.8530      91.5744
       2020.4670      91.6862
       2020.0801      91.6865
       2019.6950      91.7983
       2019.3090      91.9101
       2018.9230      92.0219
       2018.5380      92.1337
       2018.1520      92.2455
       2017.7660      92.3572
       2017.3810      92.4690
       2016.9940      92.4694
       2016.6080      92.5811
       2016.2210      92.5815
       2015.8341      92.5817
       2015.4469      92.5821
       2015.0599      92.5824
       2014.6730      92.5827
       2014.2860      92.5830
       2013.9000      92.5833
       2013.5131      92.5836
       2013.1259      92.5839
       2013.1240      92.4724
       2012.7370      92.4727
       2012.7361      92.3613
       2012.3489      92.3616
       2012.3479      92.2501
       2011.9610      92.2504
       2011.9600      92.1389
       2011.5731      92.1392
       2011.5709      92.0277
       2011.1840      92.0280
       2011.1830      91.9166
       2010.7961      91.9169
       2010.7951      91.8054
       2010.7939      91.6939
       2010.4070      91.6942
       2010.4051      91.5827
       2010.0181      91.5830
       2010.0169      91.4716
       2009.6300      91.4719
       2009.6281      91.2489
       2009.2411      91.2492
       2009.2349      90.8033
       2008.8480      90.8036
       2008.8470      90.6921
       2008.8460      90.5806
       2008.4591      90.5809
       2008.4579      90.4695
       2008.4560      90.3580
       2008.0690      90.3583
       2008.0681      90.2468
       2008.0659      90.0238
       2007.6790      90.0241
       2007.6771      89.9127
       2007.6759      89.8012
       2007.2889      89.8015
       2007.2880      89.6900
       2007.2839      89.3556
       2006.8970      89.3559
       2006.8941      89.1329
       2006.5069      89.1332
       2006.5060      89.0217
       2006.5010      88.5758
       2006.1140      88.5761
       2006.1131      88.4646
       2006.1049      87.7957
       2005.7180      87.7961
       2005.7099      87.1272
       2005.3229      87.1275
       2005.3220      87.0160
       2005.3170      86.5701
       2004.9300      86.5704
       2004.9281      86.4589
       2004.9231      86.0130
       2004.5359      86.0133
       2004.5290      85.3444
       2004.1420      85.3447
       2004.1330      84.5643
       2003.7460      84.5646
       2003.7439      84.4531
       2003.7391      84.0072
       2003.3519      84.0075
       2003.3381      82.7812
       2002.9509      82.7815
       2002.9500      82.6701
       2002.9449      82.2241
       2002.5580      82.2244
       2002.5461      81.2211
       2002.1591      81.2214
       2002.1579      81.1099
       2002.1510      80.5525
       2001.7641      80.5528
       2001.7631      80.4413
       2001.7581      79.9954
       2001.3709      79.9957
       2001.3700      79.8842
       2001.3580      78.8809
       2000.9711      78.8812
       2000.9570      77.6549
       2000.5701      77.6552
       2000.5691      77.5437
       2000.5541      76.3174
       2000.1669      76.3177
       2000.1450      74.4226
       1999.7580      74.4229
       1999.7430      73.0851
       1999.3560      73.0854
       1999.3440      72.0821
       1998.9570      72.0824
       1998.9440      70.9676
       1998.5570      70.9679
       1998.5520      70.5219
       1998.1650      70.5222
       1998.1641      70.4108
       1998.1500      69.1845
       1997.7630      69.1848
       1997.7580      68.7389
       1997.3710      68.7392
       1997.3640      68.1817
       1997.3530      67.1784
       1996.9660      67.1787
       1996.9530      66.0639
       1996.5661      66.0642
       1996.5640      65.9527
       1996.5529      64.9494
       1996.1660      64.9497
       1996.1650      64.8382
       1996.1441      63.0545
       1995.7570      63.0548
       1995.7410      61.7170
       1995.3541      61.7174
       1995.3430      60.7140
       1994.9560      60.7143
       1994.9540      60.6028
       1994.9390      59.2651
       1994.5520      59.2654
       1994.5509      59.1539
       1994.5490      59.0424
       1994.5350      57.8161
       1994.1480      57.8164
       1994.1390      57.0360
       1993.7520      57.0364
       1993.7510      56.9249
       1993.7370      55.6986
       1993.3500      55.6989
       1993.3480      55.5874
       1993.3370      54.5841
       1992.9500      54.5844
       1992.9490      54.4729
       1992.9280      52.6892
       1992.5410      52.6895
       1992.5250      51.3517
       1992.1380      51.3520
       1992.1280      50.4602
       1991.7409      50.4605
       1991.7400      50.3490
       1991.7290      49.4571
       1991.3430      49.4574
       1991.3410      49.3460
       1991.3260      48.0082
       1991.3239      47.8967
       1990.9370      47.8970
       1990.9360      47.7855
       1990.9281      47.1166
       1990.5410      47.1169
       1990.5400      47.0055
       1990.5300      46.1136
       1990.5100      44.4414
       1990.1230      44.4417
       1990.1220      44.3302
       1990.1080      43.1039
       1989.7209      43.1042
       1989.7200      42.9927
       1989.7031      41.5435
       1989.3160      41.5438
       1989.3150      41.4323
       1989.3000      40.2060
       1988.9131      40.2063
       1988.9020      39.2030
       1988.5150      39.2033
       1988.5139      39.0918
       1988.4990      37.8655
       1988.1120      37.8658
       1988.1080      37.5314
       1988.0970      36.5280
       1987.7100      36.5283
       1987.7090      36.4169
       1987.6920      34.9676
       1987.3050      34.9679
       1987.2910      33.7416
       1986.9040      33.7419
       1986.8910      32.6271
       1986.5040      32.6274
       1986.5021      32.5159
       1986.4970      32.0700
       1986.4820      30.7322
       1986.0950      30.7325
       1986.0840      29.8407
       1985.6970      29.8410
       1985.6960      29.7295
       1985.6880      29.0606
       1985.3010      29.0609
       1985.2999      28.9494
       1985.2920      28.2805
       1984.9050      28.2808
       1984.8911      27.0546
       1984.5040      27.0549
       1984.5030      26.9434
       1984.4910      25.9401
       1984.1040      25.9403
       1984.1030      25.8289
       1984.0910      24.8255
       1983.7040      24.8258
       1983.7030      24.7144
       1983.6890      23.4881
       1983.3020      23.4884
       1983.3010      23.3769
       1983.2931      22.7080
       1982.9060      22.7083
       1982.9050      22.5968
       1982.8930      21.5935
       1982.5060      21.5938
       1982.5031      21.3708
       1982.4930      20.4790
       1982.1060      20.4793
       1982.1050      20.3678
       1982.1010      20.0334
       1981.7140      20.0337
       1981.7040      19.1418
       1981.3170      19.1421
       1981.3150      19.0306
       1981.3120      18.6962
       1980.9250      18.6965
       1980.9231      18.5850
       1980.9099      17.4702
       1980.5230      17.4705
       1980.5130      16.5787
       1980.1260      16.5790
       1980.1199      16.0216
       1979.7330      16.0219
       1979.7250      15.3530
       1979.3380      15.3533
       1979.3320      14.7959
       1978.9450      14.7962
       1978.9430      14.6847
       1978.9380      14.2388
       1978.5510      14.2391
       1978.5420      13.4587
       1978.1550      13.4590
       1978.1491      12.9016
       1977.7620      12.9019
       1977.7600      12.7904
       1977.7530      12.1215
       1977.3660      12.1219
       1977.3639      12.0104
       1977.3610      11.6759
       1976.9740      11.6762
       1976.9681      11.2303
       1976.5810      11.2306
       1976.5800      11.1191
       1976.5760      10.7847
       1976.1890      10.7850
       1976.1879      10.6735
       1976.1831      10.2276
       1975.7960      10.2279
       1975.7950      10.1164
       1975.7930      10.0049
       1975.4061      10.0052
       1975.4050      9.89377
       1975.3970      9.22488
       1975.0100      9.22519
       1975.0090      9.11370
       1975.0080      9.00222
       1974.6211      9.00253
       1974.6170      8.66809
       1974.2301      8.66840
       1974.2290      8.55691
       1974.2240      8.11099
       1973.8370      8.11129
       1973.8330      7.77685
       1973.4460      7.77716
       1973.4440      7.66568
       1973.4420      7.44271
       1973.0550      7.44302
       1973.0541      7.33154
       1972.6670      7.33185
       1972.6650      7.22037
       1972.6630      6.99740
       1972.2760      6.99771
       1972.2720      6.66327
       1971.8850      6.66357
       1971.8840      6.55209
       1971.8810      6.32913
       1971.4940      6.32944
       1971.4930      6.21795
       1971.4890      5.88351
       1971.1020      5.88382
       1971.0990      5.66085
       1970.7119      5.66116
       1970.7090      5.32672
       1970.3220      5.32702
       1970.3200      5.21554
       1970.3190      5.10406
       1969.9320      5.10437
       1969.9301      4.88141
       1969.5430      4.88171
       1969.5410      4.77023
       1969.1540      4.77054
       1969.1530      4.65906
       1968.7660      4.65937
       1968.7650      4.54789
       1968.7630      4.43640
       1968.3770      4.43671
       1968.3740      4.21375
       1967.9869      4.21406
       1967.9860      4.10257
       1967.9840      3.99109
       1967.5970      3.99140
       1967.5961      3.87992
       1967.2090      3.88023
       1967.2080      3.76875
       1967.2070      3.65726
       1966.8200      3.65757
       1966.8180      3.54609
       1966.4310      3.54640
       1966.4299      3.43492
       1966.0430      3.43523
       1966.0420      3.32374
       1965.6550      3.32405
       1965.6540      3.21257
       1965.6520      3.10109
       1965.2650      3.10140
       1965.2640      2.98991
       1964.8770      2.99022
       1964.8761      2.87874
       1964.8750      2.76726
       1964.4880      2.76757
       1964.4860      2.65609
       1964.0990      2.65639
       1964.0980      2.54491
       1963.7110      2.54522
       1963.3240      2.54553
       1963.3230      2.43405
       1962.9360      2.43436
       1962.9350      2.32287
       1962.5480      2.32318
       1962.5460      2.21170
       1962.1590      2.21201
       1962.1580      2.10053
       1961.7710      2.10084
       1961.7701      1.98935
       1961.3830      1.98966
       1961.3820      1.87818
       1960.9950      1.87849
       1960.6080      1.87880
       1960.6060      1.76731
       1960.2200      1.76762
       1959.8330      1.76793
       1959.8310      1.65645
       1959.4440      1.65676
       1959.0570      1.65707
       1959.0560      1.54558
       1958.6689      1.54589
       1958.6680      1.43441
       1958.2810      1.43472
       1958.2800      1.32324
       1957.8930      1.32354
       1957.5059      1.32385
       1957.1190      1.32416
       1957.1170      1.21268
       1956.7300      1.21299
       1956.3440      1.21329
       1956.3420      1.10181
       1955.9550      1.10212
       1955.5680      1.10243
       1955.5670     0.990948
       1955.1800     0.991256
       1954.7930     0.991565
       1954.4060     0.991873
       1954.4050     0.880391
       1954.0180     0.880699
       1953.6310     0.881007
       1953.2440     0.881315
       1953.2430     0.769834
       1952.8559     0.770142
       1952.4690     0.770450
       1952.0820     0.770758
       1952.0810     0.659276
       1951.6940     0.659585
       1951.3071     0.659893
       1951.3050     0.548411
       1950.9180     0.548719
       1950.5320     0.549027
       1950.1450     0.549335
       1949.7581     0.549644
       1949.7560     0.438162
       1949.3690     0.438470
       1948.9820     0.438778
       1948.5950     0.439086
       1948.2090     0.439394
       1947.8220     0.439703
       1947.4350     0.440011
       1947.4330     0.328529
       1947.0460     0.328837
       1946.6590     0.329145
       1946.2720     0.329453
       1945.8860     0.329762
       1945.4989     0.330070
       1945.4970     0.218588
       1945.1100     0.218896
       1944.7230     0.219204
       1944.3361     0.219512
       1943.9490     0.219820
       1943.5630     0.220129
       1943.1760     0.220437
       1942.7890     0.220745
       1942.7871     0.109263
       1942.4000     0.109571
       1942.0130     0.109879
       1941.6260     0.110188
       1941.2400     0.110496
       1940.8530     0.110804
       1940.4660     0.111112
       1940.4640 -0.000369757
       1940.0769 -6.16000e-05
       1939.6900  0.000246505
       1939.3049     0.112036
       1938.9180     0.112345
       1938.5310     0.112653
       1938.5300   0.00117090
       1938.1430   0.00147903
       1937.7559   0.00178716
       1937.3690   0.00209529
       1936.9820   0.00240342
       1936.5950   0.00271155
       1936.2080   0.00301968
       1935.8211   0.00332781
       1935.4340   0.00363594
       1935.0470   0.00394407
       1934.6600   0.00425220
       1934.2730   0.00456033
       1933.8861   0.00486847
       1933.4990   0.00517660
       1933.1120   0.00548473
       1932.7250   0.00579286
       1932.3380   0.00610099
       1931.9510   0.00640912
       1931.5640   0.00671725
       1931.1780   0.00702538
       1930.7910   0.00733351
       1930.4039   0.00764164
       1930.0170   0.00794977
       1929.6300   0.00825790
       1929.2430   0.00856603
       1929.2409    -0.102916
       1928.8549    -0.102608
       1928.4680    -0.102299
       1928.0810    -0.101991
       1927.6950   0.00979856
       1927.3080    0.0101067
       1926.9210    0.0104148
       1926.5341    0.0107230
       1926.1470    0.0110311
       1925.7600    0.0113392
       1925.3730    0.0116473
       1924.9860    0.0119555
       1924.5991    0.0122636
       1924.2120    0.0125717
       1923.8250    0.0128799
       1923.4390    0.0131880
       1923.0520    0.0134961
       1922.6650    0.0138043
       1922.2780    0.0141124
       1921.8910    0.0144205
       1921.5040    0.0147287
       1921.1169    0.0150368
       1920.7300    0.0153449
       1920.3430    0.0156530
       1919.9560    0.0159612
       1919.5690    0.0162693
       1919.1819    0.0165774
       1918.7950    0.0168856
       1918.4080    0.0171937
       1918.0210    0.0175018
       1917.6340    0.0178099
       1917.2471    0.0181181
       1916.8600    0.0184262
       1916.4730    0.0187344
       1916.4720   -0.0927473
       1916.0850   -0.0924392
       1915.6981   -0.0921311
       1915.3110   -0.0918230
       1914.9240   -0.0915148
       1914.5370   -0.0912067
       1914.1500   -0.0908986
       1913.7630   -0.0905904
       1913.3770   -0.0902823
       1912.9910    0.0215075
       1912.6040    0.0218157
       1912.2170    0.0221238
       1911.8299    0.0224319
       1911.4430    0.0227400
       1911.0560    0.0230482
       1911.0550   -0.0884335
       1910.6690    0.0233563
       1910.2820    0.0236644
       1909.8949    0.0239726
       1909.5080    0.0242807
       1909.1210    0.0245888
       1908.7340    0.0248970
       1908.3470    0.0252051
       1907.9601    0.0255132
       1907.5741    0.0258214
       1907.1870    0.0261295
       1906.8000    0.0264376
       1906.7980   -0.0850441
       1906.4111   -0.0847359
       1906.0240   -0.0844278
       1905.6370   -0.0841197
       1905.2510   -0.0838116
       1904.8640   -0.0835034
       1904.4770   -0.0831953
       1904.0900   -0.0828872
       1903.7030   -0.0825790
       1903.3160   -0.0822709
       1902.9289   -0.0819628
       1902.5420   -0.0816546
       1902.1560    0.0301352
       1901.7690    0.0304433
       1901.3820    0.0307514
       1900.9950    0.0310596
       1900.6079    0.0313677
       1900.2210    0.0316758
       1899.8350    0.0319840
       1899.4480    0.0322921
       1899.0610    0.0326002
       1898.6740    0.0329084
       1898.2871    0.0332165
       1898.2850   -0.0782652
       1897.8980   -0.0779571
       1897.5120   -0.0776489
       1897.1250   -0.0773408
       1896.7390    0.0344490
       1896.3521    0.0347571
       1895.9650    0.0350653
       1895.5780    0.0353734
       1895.1910    0.0356815
       1894.8040    0.0359897
       1894.4170    0.0362978
       1894.0300    0.0366059
       1893.6430    0.0369141
       1893.2559    0.0372222
       1892.8690    0.0375303
       1892.4820    0.0378385
       1892.0960    0.0381466
       1891.7090    0.0384547
       1891.3220    0.0387628
       1890.9349    0.0390710
       1890.5480    0.0393791
       1890.1610    0.0396872
       1889.7740    0.0399954
       1889.7730   -0.0714863
       1889.3861   -0.0711782
       1888.9990   -0.0708701
       1888.6120   -0.0705619
       1888.2250   -0.0702538
       1887.8390    0.0415360
       1887.4520    0.0418441
       1887.0651    0.0421523
       1886.6780    0.0424604
       1886.2910    0.0427685
       1885.9040    0.0430767
       1885.9030   -0.0684050
       1885.5160   -0.0680969
       1885.1290   -0.0677888
       1884.7420   -0.0674806
       1884.3549   -0.0671725
       1883.9680   -0.0668644
       1883.5810   -0.0665562
       1883.1940   -0.0662481
       1882.8090    0.0455417
       1882.4220    0.0458498
       1882.0350    0.0461580
       1881.6479    0.0464661
       1881.2610    0.0467742
       1880.8740    0.0470824
       1880.4870    0.0473905
       1880.1000    0.0476986
       1879.7131    0.0480068
       1879.3260    0.0483149
       1879.3250   -0.0631668
       1878.9380   -0.0628587
       1878.5510   -0.0625505
       1878.1641   -0.0622424
       1877.7770   -0.0619343
       1877.3900   -0.0616261
       1877.0030   -0.0613180
       1876.6160   -0.0610099
       1876.2290   -0.0607018
       1875.8420   -0.0603936
       1875.4550   -0.0600855
       1875.0679   -0.0597774
       1874.6810   -0.0594692
       1874.2959    0.0523206
       1873.9090    0.0526287
       1873.5220    0.0529369
       1873.1350    0.0532450
       1872.7480    0.0535531
       1872.3609    0.0538612
       1871.9740    0.0541694
       1871.5870    0.0544775
       1871.2000    0.0547856
       1870.8130    0.0550938
       1870.8121   -0.0563879
       1870.4250   -0.0560798
       1870.0380   -0.0557717
       1869.6510   -0.0554635
       1869.2640   -0.0551554
       1868.8771   -0.0548473
       1868.4900   -0.0545391
       1868.1030   -0.0542310
       1867.7180    0.0575588
       1867.3310    0.0578669
       1867.3290   -0.0536147
       1866.9440    0.0581751
       1866.5570    0.0584832
       1866.5550   -0.0529985
       1866.1690   -0.0526903
       1865.7820   -0.0523822
       1865.3949   -0.0520741
       1865.0090    0.0597157
       1864.6220    0.0600239
       1864.2350    0.0603320
       1863.8480    0.0606401
       1863.4610    0.0609482
       1863.0739    0.0612564
       1863.0730   -0.0502253
       1862.6860   -0.0499172
       1862.2990   -0.0496090
       1861.9120   -0.0493009
       1861.5251   -0.0489928
       1861.1380   -0.0486846
       1860.7510   -0.0483765
       1860.3640   -0.0480684
       1859.9790    0.0637214
       1859.5920    0.0640296
       1859.2050    0.0643377
       1858.8181    0.0646458
       1858.8160   -0.0468359
       1858.4300   -0.0465277
       1858.0430   -0.0462196
       1857.6560   -0.0459115
       1857.2690   -0.0456033
       1856.8830    0.0661865
       1856.4960    0.0664946
       1856.1090    0.0668027
       1855.7220    0.0671109
       1855.7210   -0.0443708
       1855.3340   -0.0440627
       1854.9470   -0.0437546
       1854.5600   -0.0434464
       1854.1740    0.0683434
       1853.7869    0.0686515
       1853.4000    0.0689597
       1853.0140    0.0692678
       1852.6270    0.0695759
       1852.2400    0.0698840
       1851.8530    0.0701922
       1851.4659    0.0705003
       1851.0790    0.0708084
       1850.6920    0.0711166
       1850.3050    0.0714247
       1849.9180    0.0717328
       1849.5311    0.0720410
       1849.1440    0.0723491
       1848.7570    0.0726572
       1848.3700    0.0729653
       1847.9830    0.0732735
       1847.5960    0.0735816
       1847.2090    0.0738897
       1846.8220    0.0741979
       1846.4350    0.0745060
       1846.0480    0.0748141
       1845.6610    0.0751223
       1845.6600   -0.0363594
       1845.2750    0.0754304
       1844.8880    0.0757385
       1844.8859   -0.0357432
       1844.4990   -0.0354350
       1844.1139    0.0763548
       1843.7270    0.0766629
       1843.3400    0.0769710
       1842.9530    0.0772792
       1842.9520   -0.0342025
       1842.5649   -0.0338944
       1842.1780   -0.0335862
       1841.7910   -0.0332781
       1841.4050    0.0785117
       1841.0180    0.0788198
       1841.0170   -0.0326619
       1840.6301   -0.0323537
       1840.2430   -0.0320456
       1839.8560   -0.0317375
       1839.4700    0.0800524
       1839.0830    0.0803605
       1838.6960    0.0806686
       1838.6950   -0.0308131
       1838.3080   -0.0305049
       1837.9210   -0.0301968
       1837.5340   -0.0298887
       1837.1470   -0.0295806
       1836.7600   -0.0292724
       1836.3730   -0.0289643
       1835.9860   -0.0286562
       1835.5989   -0.0283480
       1835.2120   -0.0280399
       1834.8260   -0.0277318
       1834.4390   -0.0274236
       1834.0520   -0.0271155
       1833.6660    0.0846743
       1833.2790    0.0849824
       1832.8919    0.0852906
       1832.8910   -0.0261911
       1832.5040   -0.0258830
       1832.1170   -0.0255748
       1831.7300   -0.0252667
       1831.3431   -0.0249586
       1830.9560   -0.0246505
       1830.5690   -0.0243423
       1830.1820   -0.0240342
       1829.7950   -0.0237261
       1829.4080   -0.0234179
       1829.0210   -0.0231098
       1828.6340   -0.0228017
       1828.2470   -0.0224935
       1827.8600   -0.0221854
       1827.4750    0.0896044
       1827.0880    0.0899125
       1827.0870   -0.0215691
       1826.7000   -0.0212610
       1826.3140    0.0905288
       1825.9270    0.0908369
       1825.5399    0.0911451
       1825.1530    0.0914532
       1824.7660    0.0917613
       1824.3790    0.0920695
       1823.9920    0.0923776
       1823.6049    0.0926857
       1823.2180    0.0929938
       1822.8310    0.0933020
       1822.4440    0.0936101
       1822.0570    0.0939182
       1821.6710    0.0942264
       1821.2841    0.0945345
       1820.8970    0.0948426
       1820.5100    0.0951508
       1820.1230    0.0954589
       1819.7360    0.0957670
       1819.7340   -0.0157147
       1819.3480   -0.0154065
       1818.9620    0.0963833
       1818.5750    0.0966914
       1818.1880    0.0969995
       1817.8010    0.0973077
       1817.4140    0.0976158
       1817.0270    0.0979239
       1816.6400    0.0982321
       1816.2529    0.0985402
       1815.8660    0.0988483
       1815.8650   -0.0126334
       1815.4780   -0.0123252
       1815.0920    0.0994646
       1814.7050    0.0997727
       1814.3179     0.100081
       1813.9319     0.100389
       1813.5450     0.100697
       1813.1580     0.101005
       1813.1560   -0.0104764
