CH4long	G0229
Scanned warm at tilted by ~5 deg
Wavelength (nm)	%T
3300	0.3586
3299	0.67107
3298	0.88265
3297	0.43199
3296	0.90197
3295	0.29241
3294	0.60408
3293	0.52719
3292	1.0411
3291	0.62994
3290	0.94033
3289	0.64015
3288	0.79503
3287	0.94858
3286	0.46534
3285	0.40207
3284	0.13417
3283	0.36346
3282	0.69962
3281	0.20618
3280	0.17398
3279	0.56737
3278	0.47368
3277	0.31308
3276	0.5379
3275	0.29187
3274	0.44287
3273	0.010774
3272	0.25654
3271	0.39629
3270	0.59543
3269	0.21584
3268	0.61122
3267	0.55316
3266	0.18725
3265	0.10628
3264	0.22104
3263	0.50381
3262	0.44765
3261	0.33043
3260	0.28344
3259	0.40849
3258	0.33443
3257	0.39136
3256	0.07736
3255	0.36058
3254	0.27748
3253	0.37183
3252	0.19037
3251	0.36785
3250	0.071989
3249	0.25202
3248	0.23724
3247	0.49853
3246	0.39436
3245	0.18983
3244	0.42346
3243	0.40759
3242	0.30676
3241	0.15453
3240	0.24955
3239	0.34929
3238	0.13087
3237	0.36241
3236	0.10463
3235	0.13268
3234	0.21698
3233	0.21193
3232	0.30403
3231	0.13713
3230	0.34062
3229	0.24401
3228	0.36301
3227	0.17152
3226	0.14927
3225	0.13873
3224	0.2132
3223	0.071106
3222	0.22692
3221	0.31263
3220	0.08629
3219	0.15569
3218	0.21176
3217	0.11777
3216	0.19271
3215	0.23578
3214	0.31134
3213	0.097981
3212	0.18479
3211	0.21588
3210	0.28307
3209	0.13939
3208	0.34697
3207	0.15106
3206	0.17775
3205	0.21015
3204	0.075225
3203	0.16859
3202	0.17441
3201	0.075543
3200	0.21273
3199	0.14551
3198	0.055722
3197	0.18907
3196	0.1572
3195	0.16514
3194	0.20267
3193	0.16696
3192	0.16201
3191	0.1388
3190	0.10649
3189	0.13348
3188	0.096628
3187	0.10121
3186	0.20184
3185	0.12767
3184	-0.040558
3183	0.16395
3182	0.20419
3181	0.083611
3180	0.077307
3179	0.10237
3178	0.23484
3177	0.16578
3176	0.071628
3175	0.15111
3174	0.22365
3173	0.24388
3172	0.10685
3171	0.049294
3170	0.17973
3169	0.1679
3168	0.10369
3167	0.15104
3166	0.1814
3165	0.054934
3164	0.098715
3163	0.15362
3162	0.19351
3161	0.14678
3160	0.076174
3159	0.08116
3158	0.14833
3157	0.10178
3156	0.16668
3155	0.12814
3154	0.1278
3153	0.20568
3152	0.035822
3151	0.028368
3150	0.086623
3149	0.10082
3148	0.053347
3147	0.15011
3146	0.035314
3145	0.045527
3144	0.14109
3143	0.12982
3142	0.1719
3141	0.11874
3140	0.045477
3139	0.14878
3138	0.073291
3137	0.15351
3136	0.08461
3135	0.095867
3134	0.021987
3133	0.096961
3132	0.12983
3131	0.05584
3130	0.16232
3129	0.031155
3128	0.14241
3127	0.09907
3126	0.1157
3125	0.15253
3124	0.085066
3123	0.072463
3122	0.081173
3121	0.12133
3120	0.084196
3119	0.069488
3118	0.066082
3117	0.10602
3116	0.10829
3115	0.051584
3114	0.078377
3113	0.081106
3112	0.090098
3111	0.10428
3110	0.087368
3109	0.073143
3108	0.12672
3107	0.061945
3106	0.096391
3105	0.076177
3104	0.091506
3103	0.046448
3102	0.10186
3101	0.007789
3100	0.099526
3099	0.033768
3098	0.043817
3097	0.080747
3096	0.049139
3095	0.10993
3094	0.11315
3093	0.069802
3092	0.083476
3091	0.10723
3090	0.055575
3089	0.091358
3088	0.025769
3087	0.04799
3086	0.08494
3085	0.053237
3084	0.04545
3083	0.083753
3082	0.025079
3081	0.085369
3080	0.066861
3079	0.049527
3078	0.050251
3077	0.076479
3076	0.074435
3075	0.033034
3074	0.071649
3073	0.02575
3072	-0.0052206
3071	0.083325
3070	0.049293
3069	0.06783
3068	0.044862
3067	0.069912
3066	0.04285
3065	0.051896
3064	0.049818
3063	0.11377
3062	0.03025
3061	0.060794
3060	0.025662
3059	0.075882
3058	0.063667
3057	0.035511
3056	0.033061
3055	0.022626
3054	0.052837
3053	0.040535
3052	0.074941
3051	0.055275
3050	0.070285
3049	0.026544
3048	0.031945
3047	0.057385
3046	0.05333
3045	0.065742
3044	0.046747
3043	0.04631
3042	0.031513
3041	0.070549
3040	0.037985
3039	0.026894
3038	0.061622
3037	0.043682
3036	0.042229
3035	0.034739
3034	0.0499
3033	0.061589
3032	-0.004577
3031	0.025057
3030	0.059517
3029	0.023804
3028	0.042998
3027	0.040666
3026	0.045839
3025	0.028387
3024	0.013886
3023	0.039326
3022	0.056248
3021	0.052664
3020	0.051289
3019	0.043626
3018	0.022617
3017	0.051768
3016	0.022109
3015	0.037129
3014	0.017807
3013	0.039775
3012	0.052523
3011	0.050154
3010	0.036256
3009	0.043737
3008	0.049578
3007	0.028729
3006	0.020465
3005	0.019402
3004	0.021293
3003	0.038234
3002	0.028518
3001	0.032095
3000	0.0092841
2999	0.052125
2998	0.046206
2997	0.0040925
2996	0.050498
2995	0.052662
2994	0.039458
2993	0.035098
2992	0.044018
2991	0.042043
2990	0.038918
2989	0.015572
2988	0.030544
2987	0.039484
2986	0.0085855
2985	0.039957
2984	0.0143
2983	0.021968
2982	0.030851
2981	0.022662
2980	0.03436
2979	0.0322
2978	0.031288
2977	0.029646
2976	0.062282
2975	0.020626
2974	0.031459
2973	0.029216
2972	0.017571
2971	0.006538
2970	0.038057
2969	0.017265
2968	0.036018
2967	0.018404
2966	0.02573
2965	0.028874
2964	0.03563
2963	0.027045
2962	0.036141
2961	0.031941
2960	0.027434
2959	0.034017
2958	0.028866
2957	0.0029542
2956	0.048466
2955	0.042069
2954	0.018227
2953	0.048637
2952	0.031454
2951	0.029835
2950	0.024131
2949	0.0089218
2948	0.029436
2947	0.024814
2946	0.027152
2945	0.020944
2944	0.019849
2943	0.0067356
2942	0.027293
2941	0.040624
2940	0.025428
2939	0.014002
2938	0.027356
2937	0.028532
2936	0.044698
2935	0.024613
2934	0.035941
2933	0.028203
2932	0.013353
2931	0.028216
2930	0.031737
2929	0.017903
2928	0.014888
2927	0.023828
2926	0.01638
2925	0.030775
2924	0.011739
2923	0.019064
2922	0.02292
2921	0.031597
2920	0.030798
2919	0.030406
2918	0.0095916
2917	0.017507
2916	0.013954
2915	0.020296
2914	0.021479
2913	0.017719
2912	0.027241
2911	0.044419
2910	0.014132
2909	0.024156
2908	0.018685
2907	0.013211
2906	0.033382
2905	0.0091591
2904	0.021955
2903	-0.00061744
2902	0.015294
2901	0.017671
2900	0.022089
2899	0.013946
2898	0.020384
2897	0.015198
2896	0.0099491
2895	0.022393
2894	0.025406
2893	0.013268
2892	0.026369
2891	0.018875
2890	0.024936
2889	0.010324
2888	0.0293
2887	0.014529
2886	0.025142
2885	0.010696
2884	0.0070489
2883	0.018426
2882	0.016394
2881	0.0067542
2880	0.0013202
2879	0.013019
2878	0.014174
2877	0.028468
2876	0.016932
2875	0.017867
2874	0.008277
2873	0.011751
2872	0.010951
2871	0.021911
2870	0.011081
2869	0.016634
2868	0.0067311
2867	0.013994
2866	0.015698
2865	0.012351
2864	0.012318
2863	0.011783
2862	0.012501
2861	0.013492
2860	0.021748
2859	0.007155
2858	0.01389
2857	0.0085195
2856	0.0047071
2855	0.0057441
2854	0.0082674
2853	0.014864
2852	0.011659
2851	0.0079363
2850	0.01439
2849	0.0050962
2848	0.0026436
2847	0.014516
2846	0.01209
2845	0.0087083
2844	0.0063667
2843	0.0088469
2842	0.010378
2841	0.0054537
2840	0.008323
2839	0.01214
2838	0.0075204
2837	0.0011924
2836	0.00923
2835	0.0046743
2834	0.0067537
2833	0.009479
2832	0.0043292
2831	0.007873
2830	0.0075168
2829	0.0060441
2828	0.011217
2827	0.0070185
2826	0.0032963
2825	0.0090348
2824	0.0055976
2823	0.0082549
2822	0.0044787
2821	0.0090652
2820	0.0077549
2819	0.0076794
2818	0.0084801
2817	0.018156
2816	0.011256
2815	0.0058408
2814	0.0073605
2813	0.0030038
2812	0.0096864
2811	0.010879
2810	0.0052146
2809	0.0062905
2808	0.011589
2807	0.0044746
2806	0.013253
2805	0.0053614
2804	0.0078586
2803	0.0075003
2802	0.0076675
2801	0.013073
2800	0.0080649
2799	0.0081312
2798	0.0078169
2797	0.0087106
2796	0.010214
2795	0.0060765
2794	0.012551
2793	0.0072775
2792	0.0079538
2791	0.015197
2790	0.0069755
2789	0.012126
2788	0.0051109
2787	0.0077187
2786	0.011536
2785	0.011474
2784	0.0065493
2783	0.0040942
2782	0.015811
2781	0.0058989
2780	0.0095038
2779	0.0070518
2778	0.011332
2777	0.0076346
2776	0.0053306
2775	0.0075487
2774	0.010519
2773	0.0062657
2772	0.005195
2771	0.010738
2770	0.0072243
2769	0.0012646
2768	0.0018046
2767	0.0084238
2766	0.010102
2765	0.0057071
2764	0.011395
2763	-0.00013072
2762	0.010866
2761	0.012331
2760	0.0031362
2759	0.0068111
2758	0.0035057
2757	0.0039817
2756	0.0073064
2755	0.0049822
2754	-0.0016708
2753	0.0098144
2752	0.0069711
2751	0.0023672
2750	0.0057018
2749	0.0072224
2748	0.003253
2747	0.0081732
2746	0.0033177
2745	0.013947
2744	0.0074124
2743	0.0035198
2742	0.002682
2741	0.0043702
2740	0.0097001
2739	0.0071831
2738	0.0079371
2737	0.0043992
2736	0.0094598
2735	0.010951
2734	0.010023
2733	0.0015275
2732	0.0061927
2731	0.010152
2730	0.0082331
2729	0.014279
2728	0.0039107
2727	0.0067634
2726	0.0077354
2725	-0.00023894
2724	0.012769
2723	0.012091
2722	-9.05E-05
2721	0.011431
2720	0.0099153
2719	0.0097027
2718	0.0075106
2717	0.0092855
2716	0.0065726
2715	0.0077934
2714	0.0083572
2713	0.0087522
2712	0.006044
2711	0.00025488
2710	0.0065334
2709	0.010487
2708	0.0061223
2707	0.012389
2706	0.0056918
2705	0.013147
2704	0.010009
2703	0.0082994
2702	0.0081216
2701	0.009792
2700	0.01474
2699	0.0093493
2698	0.0070275
2697	0.0061978
2696	0.014559
2695	0.0039706
2694	0.0085692
2693	0.0023908
2692	0.007161
2691	0.0088252
2690	0.013487
2689	0.0080646
2688	0.011419
2687	0.0040043
2686	0.0098363
2685	0.010547
2684	0.006326
2683	0.0075448
2682	0.0099816
2681	0.0022631
2680	0.0099227
2679	0.010326
2678	0.0057069
2677	0.0043187
2676	0.010257
2675	0.0070335
2674	0.011438
2673	0.0089202
2672	0.0031969
2671	0.010861
2670	0.0089732
2669	0.0089383
2668	0.0032229
2667	0.0090129
2666	0.0068294
2665	0.0099842
2664	0.0075036
2663	0.010381
2662	0.005913
2661	0.0096056
2660	-3.96E-05
2659	0.0050613
2658	0.0064048
2657	0.006139
2656	0.006484
2655	0.012659
2654	0.0018488
2653	0.012426
2652	0.0089592
2651	0.010124
2650	0.01389
2649	0.015839
2648	0.012771
2647	0.0039163
2646	0.0049384
2645	0.013739
2644	0.0076559
2643	0.0050036
2642	0.0041627
2641	0.0076191
2640	0.0062863
2639	0.010171
2638	0.0147
2637	0.012594
2636	0.0096071
2635	0.0084491
2634	0.0070376
2633	0.0093111
2632	0.0056395
2631	0.010937
2630	0.010174
2629	0.0097215
2628	0.011062
2627	0.011758
2626	0.0052207
2625	0.0095047
2624	0.00073675
2623	0.010684
2622	0.0047057
2621	0.0088912
2620	0.0088327
2619	0.007987
2618	0.012811
2617	0.013202
2616	0.00814
2615	0.010335
2614	0.012317
2613	0.012157
2612	0.0065142
2611	0.014648
2610	0.0069586
2609	0.00061691
2608	0.0073103
2607	0.0076327
2606	0.014076
2605	0.0062169
2604	0.0082022
2603	0.0044012
2602	0.0094357
2601	0.0058793
2600	0.014057
2599	0.010107
2598	0.013273
2597	0.011155
2596	0.0079685
2595	0.0086177
2594	0.00525
2593	0.011175
2592	0.0042089
2591	0.010671
2590	0.011559
2589	0.0063456
2588	0.0095362
2587	0.010185
2586	0.012452
2585	0.004298
2584	0.0019235
2583	0.012399
2582	0.0047749
2581	0.007173
2580	0.0090465
2579	0.011758
2578	0.010617
2577	0.0095914
2576	0.010738
2575	0.013545
2574	0.012208
2573	0.011557
2572	0.013956
2571	0.0076068
2570	0.013967
2569	0.0066564
2568	0.0082907
2567	0.0071008
2566	0.013773
2565	0.011753
2564	0.012843
2563	0.015672
2562	0.0082329
2561	0.0085797
2560	0.0074734
2559	0.0088855
2558	0.0080087
2557	0.013227
2556	0.0096718
2555	0.012543
2554	0.014101
2553	0.0092693
2552	0.017941
2551	0.0042632
2550	0.016549
2549	0.012574
2548	0.01188
2547	0.011069
2546	0.017705
2545	0.01859
2544	0.0093637
2543	0.014522
2542	0.013206
2541	0.0052615
2540	0.01482
2539	0.0083516
2538	0.011744
2537	0.014478
2536	0.014068
2535	0.015654
2534	0.015158
2533	0.01362
2532	0.011558
2531	0.015102
2530	0.014975
2529	0.01248
2528	0.014978
2527	0.013248
2526	0.018253
2525	0.018904
2524	0.0085735
2523	0.014853
2522	0.015784
2521	0.014835
2520	0.012757
2519	0.013655
2518	0.015624
2517	0.020123
2516	0.018954
2515	0.014552
2514	0.012284
2513	0.015509
2512	0.017078
2511	0.0097013
2510	0.011171
2509	0.016751
2508	0.0094844
2507	0.022367
2506	0.011738
2505	0.024124
2504	0.01605
2503	0.01728
2502	0.014906
2501	0.016033
2500	0.015714
2499	0.016385
2498	0.02
2497	0.023834
2496	0.011855
2495	0.016582
2494	0.017477
2493	0.020817
2492	0.014231
2491	0.021562
2490	0.025002
2489	0.021319
2488	0.021046
2487	0.026283
2486	0.020426
2485	0.024054
2484	0.020879
2483	0.025769
2482	0.018621
2481	0.024976
2480	0.02278
2479	0.024926
2478	0.02578
2477	0.021349
2476	0.025813
2475	0.028767
2474	0.029503
2473	0.027611
2472	0.02481
2471	0.029033
2470	0.028077
2469	0.033164
2468	0.028384
2467	0.0355
2466	0.029004
2465	0.032284
2464	0.031605
2463	0.03582
2462	0.03499
2461	0.030989
2460	0.040621
2459	0.03746
2458	0.040548
2457	0.045378
2456	0.042835
2455	0.043109
2454	0.048705
2453	0.050827
2452	0.044783
2451	0.052248
2450	0.049864
2449	0.050572
2448	0.052482
2447	0.058184
2446	0.050612
2445	0.053765
2444	0.063399
2443	0.060252
2442	0.057191
2441	0.060606
2440	0.065259
2439	0.060914
2438	0.067833
2437	0.068595
2436	0.072885
2435	0.071704
2434	0.068529
2433	0.079059
2432	0.069976
2431	0.074247
2430	0.080717
2429	0.078161
2428	0.07474
2427	0.08354
2426	0.078747
2425	0.080825
2424	0.083852
2423	0.080853
2422	0.079347
2421	0.085048
2420	0.077832
2419	0.08626
2418	0.087329
2417	0.08132
2416	0.084982
2415	0.087825
2414	0.089444
2413	0.085614
2412	0.08503
2411	0.085987
2410	0.094186
2409	0.088365
2408	0.088397
2407	0.08966
2406	0.086404
2405	0.085494
2404	0.085827
2403	0.090255
2402	0.086535
2401	0.085754
2400	0.08786
2399	0.089707
2398	0.087115
2397	0.090774
2396	0.087731
2395	0.09251
2394	0.082053
2393	0.093678
2392	0.086766
2391	0.083772
2390	0.087937
2389	0.092127
2388	0.087221
2387	0.083568
2386	0.089317
2385	0.086487
2384	0.088422
2383	0.088658
2382	0.08271
2381	0.086806
2380	0.078614
2379	0.088501
2378	0.082603
2377	0.089005
2376	0.079067
2375	0.085678
2374	0.083078
2373	0.08275
2372	0.081406
2371	0.085754
2370	0.084215
2369	0.079081
2368	0.078093
2367	0.080701
2366	0.073006
2365	0.075429
2364	0.074739
2363	0.073403
2362	0.077238
2361	0.075655
2360	0.071736
2359	0.078371
2358	0.071205
2357	0.074788
2356	0.070326
2355	0.070201
2354	0.075448
2353	0.06446
2352	0.070117
2351	0.069285
2350	0.061376
2349	0.061794
2348	0.06232
2347	0.053384
2346	0.055337
2345	0.062097
2344	0.060164
2343	0.054495
2342	0.054069
2341	0.05119
2340	0.046066
2339	0.050197
2338	0.045687
2337	0.042576
2336	0.04806
2335	0.050255
2334	0.044901
2333	0.043125
2332	0.039836
2331	0.037277
2330	0.037862
2329	0.035305
2328	0.037794
2327	0.034581
2326	0.0384
2325	0.0335
2324	0.030263
2323	0.034668
2322	0.029454
2321	0.031497
2320	0.035815
2319	0.035267
2318	0.031678
2317	0.038698
2316	0.025158
2315	0.02423
2314	0.02456
2313	0.028536
2312	0.023881
2311	0.025908
2310	0.023733
2309	0.020823
2308	0.026701
2307	0.027964
2306	0.028775
2305	0.017976
2304	0.025093
2303	0.018238
2302	0.027105
2301	0.028167
2300	0.019112
2299	0.021806
2298	0.026755
2297	0.022712
2296	0.014785
2295	0.022281
2294	0.015992
2293	0.024123
2292	0.017005
2291	0.019199
2290	0.020609
2289	0.018673
2288	0.017732
2287	0.025522
2286	0.016533
2285	0.019527
2284	0.015334
2283	0.01826
2282	0.016834
2281	0.022576
2280	0.020401
2279	0.014913
2278	0.018681
2277	0.01271
2276	0.019794
2275	0.021909
2274	0.016092
2273	0.021085
2272	0.020276
2271	0.019462
2270	0.014708
2269	0.02063
2268	0.013568
2267	0.022738
2266	0.022505
2265	0.01503
2264	0.02031
2263	0.017836
2262	0.018138
2261	0.014871
2260	0.025114
2259	0.022702
2258	0.015461
2257	0.022006
2256	0.014312
2255	0.019271
2254	0.016489
2253	0.016914
2252	0.021425
2251	0.02258
2250	0.020084
2249	0.020535
2248	0.024216
2247	0.018545
2246	0.017163
2245	0.019112
2244	0.022673
2243	0.016733
2242	0.019424
2241	0.020324
2240	0.027751
2239	0.019442
2238	0.020435
2237	0.025507
2236	0.021133
2235	0.021438
2234	0.022496
2233	0.021168
2232	0.019411
2231	0.024092
2230	0.022473
2229	0.022583
2228	0.022248
2227	0.025504
2226	0.025993
2225	0.026482
2224	0.018901
2223	0.025073
2222	0.027394
2221	0.027945
2220	0.033559
2219	0.029962
2218	0.031448
2217	0.028135
2216	0.040682
2215	0.031349
2214	0.032072
2213	0.036497
2212	0.036664
2211	0.038392
2210	0.039951
2209	0.040995
2208	0.042863
2207	0.046962
2206	0.044275
2205	0.048322
2204	0.046285
2203	0.051064
2202	0.055633
2201	0.057814
2200	0.056988
2199	0.054926
2198	0.064295
2197	0.062881
2196	0.063931
2195	0.063128
2194	0.072423
2193	0.066631
2192	0.074239
2191	0.073622
2190	0.073235
2189	0.084672
2188	0.084616
2187	0.089528
2186	0.091203
2185	0.091327
2184	0.085958
2183	0.095561
2182	0.098017
2181	0.098726
2180	0.097572
2179	0.10696
2178	0.10827
2177	0.1053
2176	0.11884
2175	0.10653
2174	0.11511
2173	0.11329
2172	0.11721
2171	0.11539
2170	0.1173
2169	0.11741
2168	0.11278
2167	0.12279
2166	0.11677
2165	0.11809
2164	0.12187
2163	0.11723
2162	0.11536
2161	0.11826
2160	0.1173
2159	0.11158
2158	0.10729
2157	0.11366
2156	0.11575
2155	0.11649
2154	0.10823
2153	0.10867
2152	0.10745
2151	0.10661
2150	0.10616
2149	0.10618
2148	0.11027
2147	0.1013
2146	0.10638
2145	0.10323
2144	0.10512
2143	0.10033
2142	0.095136
2141	0.096602
2140	0.099282
2139	0.10214
2138	0.091687
2137	0.097618
2136	0.089562
2135	0.095751
2134	0.097859
2133	0.088387
2132	0.092779
2131	0.087848
2130	0.088423
2129	0.093608
2128	0.090171
2127	0.087157
2126	0.083929
2125	0.080686
2124	0.091739
2123	0.078722
2122	0.079143
2121	0.080836
2120	0.087407
2119	0.078116
2118	0.080035
2117	0.083749
2116	0.078889
2115	0.079457
2114	0.073719
2113	0.073565
2112	0.076536
2111	0.079731
2110	0.078872
2109	0.079469
2108	0.073746
2107	0.073598
2106	0.070127
2105	0.074122
2104	0.074314
2103	0.071028
2102	0.069464
2101	0.077424
2100	0.068603
2099	0.069831
2098	0.069238
2097	0.061893
2096	0.064622
2095	0.065317
2094	0.065438
2093	0.069391
2092	0.065848
2091	0.064344
2090	0.059555
2089	0.063205
2088	0.062255
2087	0.065945
2086	0.059829
2085	0.063778
2084	0.060345
2083	0.053853
2082	0.056559
2081	0.057851
2080	0.057289
2079	0.066772
2078	0.057476
2077	0.058173
2076	0.063142
2075	0.054265
2074	0.057134
2073	0.051985
2072	0.061403
2071	0.048756
2070	0.059878
2069	0.048562
2068	0.052149
2067	0.056916
2066	0.048576
2065	0.053158
2064	0.053783
2063	0.049409
2062	0.05479
2061	0.050033
2060	0.050102
2059	0.04836
2058	0.049153
2057	0.046141
2056	0.048917
2055	0.054129
2054	0.054046
2053	0.052211
2052	0.04837
2051	0.052009
2050	0.052269
2049	0.052393
2048	0.053146
2047	0.050642
2046	0.054291
2045	0.05243
2044	0.054671
2043	0.047071
2042	0.050694
2041	0.048521
2040	0.045106
2039	0.050909
2038	0.052907
2037	0.046122
2036	0.051757
2035	0.04813
2034	0.048544
2033	0.048605
2032	0.052174
2031	0.051656
2030	0.044158
2029	0.042271
2028	0.053106
2027	0.048895
2026	0.046242
2025	0.04959
2024	0.051883
2023	0.048025
2022	0.045464
2021	0.0487
2020	0.051281
2019	0.052334
2018	0.047485
2017	0.056663
2016	0.050603
2015	0.049856
2014	0.046799
2013	0.04953
2012	0.04904
2011	0.046563
2010	0.054588
2009	0.046487
2008	0.04496
2007	0.053653
2006	0.043439
2005	0.050532
2004	0.049759
2003	0.048677
2002	0.049362
2001	0.047123
2000	0.051756
1999	0.051108
1998	0.052427
1997	0.049069
1996	0.05199
1995	0.049568
1994	0.047609
1993	0.047347
1992	0.050991
1991	0.044681
1990	0.046817
1989	0.046468
1988	0.051404
1987	0.058454
1986	0.051372
1985	0.050331
1984	0.052341
1983	0.049003
1982	0.046539
1981	0.04715
1980	0.049939
1979	0.050051
1978	0.04564
1977	0.046572
1976	0.055757
1975	0.04903
1974	0.052209
1973	0.048048
1972	0.054616
1971	0.052115
1970	0.05467
1969	0.054424
1968	0.053039
1967	0.055707
1966	0.053137
1965	0.057916
1964	0.051588
1963	0.057015
1962	0.053075
1961	0.054407
1960	0.05312
1959	0.058658
1958	0.053656
1957	0.049876
1956	0.054561
1955	0.054311
1954	0.054652
1953	0.060447
1952	0.059334
1951	0.052282
1950	0.056122
1949	0.058618
1948	0.053481
1947	0.061548
1946	0.061544
1945	0.060917
1944	0.062405
1943	0.064163
1942	0.06049
1941	0.065299
1940	0.059588
1939	0.063787
1938	0.057789
1937	0.066806
1936	0.065032
1935	0.063893
1934	0.061684
1933	0.068675
1932	0.061455
1931	0.064745
1930	0.0615
1929	0.068915
1928	0.067921
1927	0.067938
1926	0.067789
1925	0.072235
1924	0.078676
1923	0.072983
1922	0.070841
1921	0.075292
1920	0.075827
1919	0.073652
1918	0.075421
1917	0.077328
1916	0.073493
1915	0.076887
1914	0.0784
1913	0.081027
1912	0.082676
1911	0.086865
1910	0.077315
1909	0.086722
1908	0.085358
1907	0.082201
1906	0.089879
1905	0.086852
1904	0.088712
1903	0.090543
1902	0.084013
1901	0.096229
1900	0.095254
1899	0.091004
1898	0.096525
1897	0.10047
1896	0.096512
1895	0.099723
1894	0.10215
1893	0.10003
1892	0.10521
1891	0.11156
1890	0.10604
1889	0.10734
1888	0.11622
1887	0.11664
1886	0.11884
1885	0.12286
1884	0.12062
1883	0.12102
1882	0.12696
1881	0.13143
1880	0.12988
1879	0.13098
1878	0.13539
1877	0.14611
1876	0.1392
1875	0.14299
1874	0.1442
1873	0.15356
1872	0.14801
1871	0.15899
1870	0.15872
1869	0.15825
1868	0.1575
1867	0.16281
1866	0.16977
1865	0.18027
1864	0.17968
1863	0.18135
1862	0.18745
1861	0.19067
1860	0.19782
1859	0.19551
1858	0.20472
1857	0.21123
1856	0.22017
1855	0.22472
1854	0.2288
1853	0.23115
1852	0.23923
1851	0.25291
1850	0.25374
1849	0.25589
1848	0.26858
1847	0.26733
1846	0.28311
1845	0.28418
1844	0.30026
1843	0.3083
1842	0.31706
1841	0.32281
1840	0.33431
1839	0.3484
1838	0.34964
1837	0.36734
1836	0.37699
1835	0.38912
1834	0.4075
1833	0.41158
1832	0.42931
1831	0.44554
1830	0.46389
1829	0.47793
1828	0.49315
1827	0.50585
1826	0.5278
1825	0.54546
1824	0.56847
1823	0.59054
1822	0.60399
1821	0.63967
1820	0.6586
1819	0.69093
1818	0.715
1817	0.74739
1816	0.77599
1815	0.80681
1814	0.84504
1813	0.8842
1812	0.91469
1811	0.95715
1810	1.0036
1809	1.0424
1808	1.1004
1807	1.1469
1806	1.2014
1805	1.2682
1804	1.3269
1803	1.3876
1802	1.464
1801	1.5384
1800	1.6258
1799	1.701
1798	1.7906
1797	1.8939
1796	1.997
1795	2.1173
1794	2.2286
1793	2.363
1792	2.4956
1791	2.6483
1790	2.8134
1789	2.9926
1788	3.1718
1787	3.3638
1786	3.5869
1785	3.8263
1784	4.0742
1783	4.3559
1782	4.6507
1781	4.9771
1780	5.3269
1779	5.7056
1778	6.1236
1777	6.5633
1776	7.0625
1775	7.5952
1774	8.1703
1773	8.8092
1772	9.4899
1771	10.245
1770	11.093
1769	11.988
1768	12.985
1767	14.054
1766	15.211
1765	16.5
1764	17.903
1763	19.409
1762	21.033
1761	22.789
1760	24.709
1759	26.733
1758	28.954
1757	31.294
1756	33.767
1755	36.306
1754	39.048
1753	41.803
1752	44.664
1751	47.622
1750	50.463
1749	53.397
1748	56.186
1747	58.847
1746	61.459
1745	63.871
1744	66.109
1743	68.107
1742	69.893
1741	71.358
1740	72.666
1739	73.75
1738	74.541
1737	75.149
1736	75.612
1735	75.902
1734	75.995
1733	76.023
1732	75.928
1731	75.753
1730	75.536
1729	75.338
1728	75.096
1727	74.846
1726	74.601
1725	74.398
1724	74.216
1723	74.086
1722	74.052
1721	74.016
1720	74.038
1719	74.117
1718	74.244
1717	74.429
1716	74.713
1715	75.027
1714	75.381
1713	75.81
1712	76.29
1711	76.768
1710	77.352
1709	77.988
1708	78.603
1707	79.232
1706	79.939
1705	80.616
1704	81.29
1703	82.008
1702	82.715
1701	83.385
1700	84.033
1699	84.675
1698	85.252
1697	85.827
1696	86.358
1695	86.832
1694	87.204
1693	87.568
1692	87.844
1691	88.063
1690	88.244
1689	88.352
1688	88.367
1687	88.364
1686	88.292
1685	88.158
1684	87.971
1683	87.78
1682	87.546
1681	87.26
1680	86.954
1679	86.687
1678	86.389
1677	86.074
1676	85.841
1675	85.587
1674	85.33
1673	85.149
1672	85.036
1671	84.882
1670	84.811
1669	84.816
1668	84.9
1667	84.967
1666	85.143
1665	85.388
1664	85.625
1663	85.925
1662	86.337
1661	86.739
1660	87.084
1659	87.532
1658	87.908
1657	88.155
1656	88.382
1655	88.505
1654	88.375
1653	88.038
1652	87.443
1651	86.535
1650	85.166
1649	83.505
1648	81.472
1647	78.901
1646	76.027
1645	72.786
1644	69.15
1643	65.251
1642	61.268
1641	57.163
1640	52.918
1639	48.862
1638	44.862
1637	40.912
1636	37.287
1635	33.898
1634	30.658
1633	27.74
1632	25.041
1631	22.526
1630	20.292
1629	18.313
1628	16.483
1627	14.856
1626	13.416
1625	12.096
1624	10.922
1623	9.8659
1622	8.9512
1621	8.1073
1620	7.3654
1619	6.6897
1618	6.0789
1617	5.5475
1616	5.065
1615	4.6306
1614	4.2438
1613	3.8902
1612	3.5593
1611	3.2793
1610	3.0219
1609	2.7804
1608	2.5678
1607	2.3786
1606	2.1946
1605	2.0329
1604	1.8878
1603	1.7487
1602	1.6259
1601	1.5168
1600	1.4205
1599	1.3172
1598	1.2296
1597	1.1554
1596	1.0753
1595	1.0028
1594	0.94613
1593	0.88868
1592	0.83202
1591	0.78133
1590	0.74153
1589	0.69595
1588	0.65575
1587	0.6132
1586	0.5792
1585	0.55018
1584	0.52008
1583	0.49787
1582	0.46382
1581	0.44235
1580	0.41914
1579	0.39322
1578	0.38199
1577	0.35802
1576	0.34091
1575	0.3317
1574	0.31664
1573	0.29658
1572	0.28557
1571	0.26945
1570	0.25759
1569	0.25088
1568	0.23573
1567	0.2214
1566	0.21918
1565	0.2053
1564	0.20613
1563	0.19248
1562	0.18677
1561	0.17748
1560	0.17099
1559	0.16295
1558	0.15761
1557	0.15086
1556	0.14248
1555	0.13863
1554	0.13837
1553	0.13272
1552	0.12293
1551	0.12291
1550	0.11819
1549	0.11439
1548	0.109
1547	0.1077
1546	0.098599
1545	0.098518
1544	0.096342
1543	0.098634
1542	0.092491
1541	0.087945
1540	0.09027
1539	0.085984
1538	0.08265
1537	0.082388
1536	0.078193
1535	0.077642
1534	0.073653
1533	0.067147
1532	0.070385
1531	0.073175
1530	0.068225
1529	0.065513
1528	0.068649
1527	0.068846
1526	0.062732
1525	0.055164
1524	0.060091
1523	0.057016
1522	0.05306
1521	0.051988
1520	0.051998
1519	0.053931
1518	0.053266
1517	0.048667
1516	0.044236
1515	0.04552
1514	0.051644
1513	0.038696
1512	0.043968
1511	0.042644
1510	0.04058
1509	0.039003
1508	0.03829
1507	0.042046
1506	0.032947
1505	0.045685
1504	0.03718
1503	0.03955
1502	0.040198
1501	0.041624
1500	0.037902
1499	0.032463
1498	0.035361
1497	0.040391
1496	0.033914
1495	0.034362
1494	0.034814
1493	0.032557
1492	0.034614
1491	0.032314
1490	0.0328
1489	0.035104
1488	0.035993
1487	0.028226
1486	0.031629
1485	0.029725
1484	0.027848
1483	0.036421
1482	0.03383
1481	0.022009
1480	0.024201
1479	0.024403
1478	0.024105
1477	0.018732
1476	0.0221
1475	0.018926
1474	0.027212
1473	0.017323
1472	0.018982
1471	0.020732
1470	0.013274
1469	0.021205
1468	0.01775
1467	0.013867
1466	0.026326
1465	0.019139
1464	0.02277
1463	0.023766
1462	0.019844
1461	0.018337
1460	0.020769
1459	0.021971
1458	0.020111
1457	0.014822
1456	0.021351
1455	0.017172
1454	0.019176
1453	0.019584
1452	0.018066
1451	0.01792
1450	0.020149
1449	0.019186
1448	0.020309
1447	0.021826
1446	0.015069
1445	0.020977
1444	0.025634
1443	0.021778
1442	0.024709
1441	0.020926
1440	0.026583
1439	0.027837
1438	0.02904
1437	0.020463
1436	0.03099
1435	0.019726
1434	0.015083
1433	0.02328
1432	0.017879
1431	0.01194
1430	0.021343
1429	0.0074406
1428	0.013882
1427	0.012826
1426	0.010445
1425	0.012469
1424	0.012822
1423	0.012411
1422	0.0024035
1421	0.014541
1420	0.013237
1419	0.012951
1418	0.008835
1417	0.010176
1416	0.011701
1415	0.009537
1414	0.0081933
1413	0.011635
1412	0.0060132
1411	0.0042804
1410	0.0075914
1409	0.0068094
1408	0.0033561
1407	0.013007
1406	0.0045395
1405	0.0078635
1404	0.0047513
1403	0.0046982
1402	0.0050324
1401	0.008184
1400	0.0054789
1399	0.007674
1398	0.0043182
1397	-4.06E-05
1396	0.0054025
1395	0.0048962
1394	0.0062946
1393	0.0060814
1392	0.0036489
1391	0.0062758
1390	0.0057681
1389	0.0062532
1388	0.0068762
1387	0.0078976
1386	0.0087903
1385	0.0084583
1384	0.0068062
1383	0.0079837
1382	0.0058324
1381	0.005461
1380	0.0063006
1379	0.0067189
1378	0.0054235
1377	0.0084394
1376	0.0046514
1375	0.0032701
1374	0.0088928
1373	0.01412
1372	0.012333
1371	0.0049284
1370	0.0066144
1369	0.0031878
1368	0.016393
1367	0.015743
1366	0.0054105
1365	0.0085116
1364	0.015723
1363	0.014748
1362	0.022669
1361	0.020174
1360	0.031004
1359	0.034668
1358	0.047421
1357	0.053536
1356	0.058986
1355	0.067957
1354	0.069318
1353	0.077606
1352	0.072846
1351	0.074355
1350	0.070417
1349	0.057362
1348	0.061934
1347	0.057785
1346	0.053212
1345	0.044961
1344	0.0477
1343	0.046073
1342	0.038746
1341	0.047841
1340	0.04196
1339	0.045647
1338	0.045236
1337	0.038119
1336	0.042885
1335	0.041283
1334	0.03933
1333	0.049927
1332	0.046143
1331	0.046333
1330	0.049285
1329	0.051836
1328	0.044461
1327	0.055485
1326	0.040591
1325	0.049555
1324	0.05685
1323	0.062211
1322	0.054092
1321	0.066107
1320	0.071763
1319	0.084565
1318	0.089903
1317	0.10904
1316	0.12585
1315	0.15717
1314	0.18817
1313	0.21769
1312	0.23582
1311	0.23826
1310	0.2244
1309	0.17557
1308	0.14363
1307	0.10115
1306	0.070603
1305	0.045127
1304	0.032298
1303	0.028711
1302	0.023176
1301	0.018069
1300	0.015175
1299	0.0078724
1298	0.015836
1297	0.0089891
1296	0.0069222
1295	0.013889
1294	0.0058325
1293	0.01237
1292	0.0034537
1291	0.0059618
1290	0.0034914
1289	0.0058115
1288	0.0094319
1287	0.003147
1286	0.01076
1285	0.002181
1284	0.0046409
1283	0.0049251
1282	0.0072288
1281	0.0089902
1280	0.0080703
1279	0.0092832
1278	0.0047112
1277	0.0019689
1276	0.0065643
1275	0.0065325
1274	0.0030252
1273	0.008099
1272	0.0094319
1271	0.0028422
1270	0.0055185
1269	0.0097635
1268	0.0077428
1267	0.0052799
1266	0.011006
1265	0.0089354
1264	-0.0011693
1263	0.010211
1262	0.007964
1261	0.0042379
1260	0.006248
1259	0.0095662
1258	0.002717
1257	0.0032239
1256	0.0091867
1255	0.0091404
1254	0.0082023
1253	0.010606
1252	0.0059546
1251	0.01181
1250	0.0064525
1249	0.0092857
1248	0.014977
1247	0.010288
1246	0.020744
1245	0.016826
1244	0.025477
1243	0.021981
1242	0.024332
1241	0.021645
1240	0.017685
1239	0.0079563
1238	0.0097094
1237	0.0048528
1236	0.0099299
1235	0.0049823
1234	0.011266
1233	0.0074767
1232	0.0061116
1231	0.0092872
1230	0.0049873
1229	0.010512
1228	0.010487
1227	0.0071994
1226	0.0082434
1225	0.0063526
1224	0.0043847
1223	0.0083508
1222	0.0045646
1221	0.010215
1220	0.007857
1219	0.0089844
1218	0.0053202
1217	0.0065341
1216	-0.0020494
1215	0.010718
1214	0.010451
1213	0.0019165
1212	0.014204
1211	0.0046811
1210	0.001595
1209	0.010237
1208	0.0071795
1207	0.0099941
1206	-9.83E-05
1205	0.0046282
1204	0.0060041
1203	0.0089099
1202	0.0064358
1201	0.0063039
1200	0.0082636
1199	0.006924
1198	0.015346
1197	0.0075449
1196	0.009543
1195	0.010774
1194	0.003359
1193	0.008729
1192	0.0037111
1191	0.0098636
1190	0.011188
1189	0.011852
1188	0.0063907
1187	0.015172
1186	0.010899
1185	0.007886
1184	0.0075855
1183	0.016773
1182	0.010653
1181	0.005486
1180	0.0079427
1179	0.0062832
1178	0.0061241
1177	0.0088148
1176	0.0068506
1175	0.011463
1174	0.0028106
1173	0.014189
1172	0.005367
1171	0.0071187
1170	0.0066083
1169	0.0030184
1168	0.0077553
1167	0.0094777
1166	0.010931
1165	0.011101
1164	0.012277
1163	0.0077035
1162	0.0071216
1161	0.0064926
1160	0.011014
1159	0.0061463
1158	0.00090861
1157	0.0067729
1156	-0.003132
1155	0.0055574
1154	0.013291
1153	0.011309
1152	0.007294
1151	0.0066177
1150	0.0045931
1149	0.0094044
1148	0.002283
1147	0.0070192
1146	0.00095894
1145	0.011039
1144	0.0082033
1143	-0.0016294
1142	0.0042367
1141	0.0060937
1140	0.0055683
1139	0.0060249
1138	0.010733
1137	0.011887
1136	0.012663
1135	0.0022277
1134	0.01004
1133	0.0043697
1132	0.012229
1131	0.006507
1130	0.0079938
1129	0.0011888
1128	0.0055734
1127	0.015437
1126	0.001374
1125	0.010994
1124	0.0050153
1123	0.0097012
1122	0.012191
1121	0.010009
1120	0.012676
1119	0.0035239
1118	0.0062682
1117	0.0074735
1116	0.0072914
1115	0.010475
1114	0.0048856
1113	0.010541
1112	0.008395
1111	0.0048156
1110	0.012068
1109	0.0035295
1108	0.0088004
1107	0.010649
1106	0.0067225
1105	0.0079481
1104	0.0095589
1103	0.0096142
1102	0.0038517
1101	0.008485
1100	0.0067718
1099	0.0097996
1098	0.0049355
1097	0.0036429
1096	0.0092729
1095	0.0086461
1094	0.011559
1093	0.0078648
1092	0.0007182
1091	0.0056876
1090	0.005418
1089	0.007472
1088	0.0024947
1087	0.012017
1086	0.016044
1085	0.0044525
1084	0.011615
1083	0.011132
1082	0.0096622
1081	0.011295
1080	0.0048895
1079	0.0085227
1078	0.0094511
1077	0.0076168
1076	0.0065745
1075	0.0025831
1074	0.0068216
1073	0.0084653
1072	0.0090095
1071	0.0070706
1070	0.0098111
1069	0.011589
1068	0.01096
1067	0.0083985
1066	0.0067306
1065	0.0079665
1064	0.0058167
1063	0.0079218
1062	0.0070871
1061	0.0097827
1060	0.0014434
1059	0.0077541
1058	0.0041252
1057	0.0068076
1056	0.0039472
1055	0.005631
1054	0.007353
1053	0.0057837
1052	0.0052576
1051	5.27E-05
1050	0.00036169
1049	0.0098919
1048	0.003936
1047	0.0010904
1046	0.0088547
1045	0.003408
1044	0.0053775
1043	0.00092397
1042	0.012581
1041	0.0044222
1040	0.0094814
1039	0.0054774
1038	0.0057239
1037	0.0077382
1036	0.0033461
1035	0.017843
1034	0.010314
1033	0.0068436
1032	0.0056109
1031	0.012278
1030	0.0095
1029	0.0076723
1028	0.011407
1027	0.0070183
1026	0.0046722
1025	0.0094717
1024	0.0024195
1023	0.0068971
1022	0.0047859
1021	0.010315
1020	0.0038147
1019	0.0084109
1018	0.0091631
1017	0.0095304
1016	0.0092655
1015	0.0075632
1014	0.0117
1013	0.013948
1012	0.006395
1011	0.0079407
1010	0.010486
1009	0.011351
1008	0.013949
1007	0.0096832
1006	0.010605
1005	0.0099906
1004	0.018423
1003	0.010179
1002	0.0043451
1001	0.0096853
1000	0.0079452
999	0.010104
998	0.0058685
997	0.012943
996	0.0066172
995	0.0075838
994	0.015406
993	0.011697
992	0.0097277
991	0.017663
990	0.019093
989	0.016249
988	0.0082424
987	0.017875
986	0.012086
985	0.0071803
984	0.010242
983	0.0047704
982	0.005828
981	0.0085571
980	0.0093891
979	0.0068753
978	0.01069
977	0.0023769
976	0.008133
975	0.0065614
974	0.0056193
973	0.013611
972	0.0044594
971	0.0085197
970	0.0092227
969	0.0087539
968	0.0079198
967	0.0074358
966	0.0037035
965	0.0081647
964	0.0091178
963	0.0049559
962	0.0052035
961	0.0061651
960	0.0091606
959	0.0044139
958	0.0042651
957	0.013154
956	0.0060709
955	0.0092221
954	0.0012466
953	0.0049168
952	0.011718
951	0.010765
950	0.0082808
949	0.0061705
948	0.0058167
947	0.0082769
946	0.012914
945	0.0080155
944	0.0039403
943	0.0068181
942	0.0097781
941	0.012228
940	0.007576
939	0.0083608
938	0.0059247
937	0.0028872
936	0.013381
935	0.011041
934	0.0098407
933	0.0067016
932	0.010419
931	0.0085882
930	0.0066358
929	-0.00080359
928	0.0032075
927	0.012957
926	0.0091324
925	0.0065438
924	0.011916
923	0.0067754
922	0.0017353
921	0.010614
920	0.0043682
919	0.012116
918	0.0062158
917	0.0066492
916	0.0025194
915	0.0042115
914	0.014902
913	0.0085894
912	0.010055
911	0.001674
910	0.01649
909	0.0077872
908	0.0084522
907	0.0059157
906	0.0079619
905	0.0055482
904	0.0037138
903	0.012383
902	0.012511
901	0.0097135
900	0.001502
899	0.0030944
898	0.0069822
897	0.0042745
896	0.0074094
895	0.014853
894	0.0029614
893	0.012043
892	0.011876
891	0.0026165
890	0.0064764
889	0.0054158
888	0.0028882
887	0.0072194
886	0.0052277
885	0.003833
884	0.0065244
883	0.013287
882	0.0053733
881	0.008775
880	0.0023502
879	0.010419
878	0.0088235
877	0.0030548
876	0.0089253
875	0.0025178
874	0.0071408
873	0.011705
872	0.020899
871	0.011997
870	0.013407
869	0.018473
868	0.023234
867	0.024525
866	0.038286
865	0.046352
864	0.055953
863	0.063965
862	0.082054
861	0.098006
860	0.1085
859	0.12135
858	0.13947
857	0.14575
856	0.1647
855	0.16403
854	0.17543
853	0.16326
852	0.16737
851	0.15051
850	0.13984
849	0.12922
848	0.10907
847	0.097188
846	0.086181
845	0.076921
844	0.063515
843	0.059344
842	0.057832
841	0.056033
840	0.048199
839	0.043392
838	0.048213
837	0.0382
836	0.032582
835	0.033643
834	0.031754
833	0.026236
832	0.023298
831	0.028962
830	0.030724
829	0.02423
828	0.023626
827	0.025807
826	0.03051
825	0.029811
824	0.025426
823	0.034345
822	0.024963
821	0.032681
820	0.031199
819	0.029073
818	0.025546
817	0.029322
816	0.027855
815	0.026917
814	0.026946
813	0.031421
812	0.027163
811	0.03366
810	0.030826
809	0.040028
808	0.02344
807	0.036276
806	0.033838
805	0.033549
804	0.026894
803	0.026844
802	0.028148
801	0.020741
800	0.019618
