CH4short	G0228
Scanned warm and tilted by ~5 deg
Wavelength (nm)	%T
3300	0.27972
3299	0.28387
3298	0.32875
3297	0.52511
3296	0.25542
3295	0.31355
3294	0.23104
3293	0.55154
3292	0.42628
3291	0.65404
3290	0.56399
3289	0.5744
3288	0.13888
3287	0.68319
3286	0.16945
3285	0.14816
3284	-0.036453
3283	0.11898
3282	0.19832
3281	-0.13123
3280	0.2199
3279	0.36651
3278	0.32546
3277	0.26127
3276	0.13503
3275	0.2406
3274	0.41512
3273	0.027238
3272	0.18684
3271	0.19724
3270	0.48532
3269	-0.102
3268	0.48519
3267	0.46627
3266	0.34407
3265	0.083881
3264	0.23631
3263	0.32924
3262	0.27614
3261	0.014437
3260	0.027849
3259	0.15731
3258	0.17436
3257	0.44058
3256	0.22687
3255	0.12784
3254	0.30852
3253	0.3221
3252	0.20223
3251	0.16674
3250	0.11351
3249	0.027324
3248	0.031588
3247	0.2978
3246	0.28021
3245	0.10468
3244	0.21741
3243	0.1094
3242	0.27829
3241	0.08784
3240	0.10441
3239	0.13095
3238	0.092029
3237	0.2231
3236	0.041616
3235	0.14342
3234	0.16675
3233	0.20961
3232	0.22021
3231	0.041985
3230	0.10894
3229	0.19671
3228	0.28283
3227	-0.0091591
3226	0.026585
3225	0.11504
3224	0.29779
3223	0.08002
3222	0.1517
3221	0.25934
3220	0.053943
3219	0.10385
3218	0.22047
3217	0.036929
3216	0.14286
3215	0.089634
3214	0.1578
3213	0.058985
3212	0.15566
3211	0.10381
3210	0.23623
3209	0.11114
3208	0.22096
3207	-0.0099888
3206	0.13295
3205	0.096499
3204	0.12562
3203	0.13337
3202	0.11424
3201	0.1249
3200	0.15412
3199	0.054273
3198	0.095473
3197	0.091365
3196	0.044577
3195	0.09338
3194	0.13923
3193	0.049949
3192	0.068976
3191	0.016106
3190	0.15068
3189	0.020628
3188	0.036564
3187	0.085407
3186	0.1281
3185	0.11933
3184	-0.02717
3183	0.070858
3182	0.10503
3181	0.13144
3180	0.062305
3179	0.025979
3178	0.20653
3177	0.11056
3176	0.043563
3175	0.096972
3174	0.14308
3173	0.21661
3172	0.060087
3171	0.035175
3170	0.13377
3169	0.08363
3168	0.045446
3167	0.042345
3166	0.17444
3165	0.016444
3164	0.048314
3163	0.079083
3162	0.10733
3161	0.17023
3160	0.051125
3159	0.09209
3158	0.082338
3157	0.107
3156	0.10173
3155	0.080682
3154	0.0463
3153	0.14773
3152	0.091912
3151	0.089447
3150	0.046705
3149	-0.027739
3148	0.058212
3147	0.089076
3146	0.072732
3145	-0.0092878
3144	0.092302
3143	0.15043
3142	0.060492
3141	-0.0023928
3140	-0.012438
3139	0.10159
3138	0.062371
3137	0.092077
3136	-0.037181
3135	0.050324
3134	-0.0034241
3133	0.027207
3132	0.095043
3131	0.065004
3130	0.089715
3129	0.049618
3128	0.13722
3127	0.075009
3126	0.054731
3125	0.07368
3124	0.052376
3123	0.062995
3122	0.0492
3121	0.022783
3120	0.048349
3119	0.051467
3118	0.056958
3117	0.03656
3116	0.069483
3115	0.046939
3114	0.057036
3113	0.084871
3112	0.023786
3111	0.067163
3110	0.082846
3109	0.080687
3108	0.058919
3107	0.077232
3106	0.014133
3105	0.068132
3104	0.041396
3103	0.019436
3102	0.041442
3101	0.0036143
3100	0.084316
3099	0.029719
3098	0.028956
3097	0.08758
3096	0.013032
3095	0.091987
3094	0.070801
3093	0.041713
3092	0.034987
3091	0.055896
3090	0.031603
3089	0.077713
3088	0.012118
3087	-0.0082502
3086	0.087837
3085	0.001119
3084	0.032299
3083	0.023017
3082	0.031085
3081	0.072639
3080	0.10056
3079	0.027782
3078	0.0011946
3077	0.021877
3076	0.050196
3075	0.020909
3074	0.056688
3073	-0.0037673
3072	0.017566
3071	0.057324
3070	0.014916
3069	0.033771
3068	0.055753
3067	0.064158
3066	0.045284
3065	0.040746
3064	0.038783
3063	0.084137
3062	-0.0099045
3061	0.028989
3060	0.020227
3059	0.044559
3058	0.073755
3057	0.017438
3056	0.042942
3055	0.017428
3054	0.032773
3053	0.010705
3052	0.02091
3051	0.030814
3050	0.053228
3049	0.016759
3048	0.0056438
3047	0.06892
3046	0.043804
3045	0.033115
3044	0.04887
3043	0.030147
3042	0.051641
3041	0.061367
3040	0.031088
3039	0.015635
3038	0.026322
3037	0.034788
3036	0.013904
3035	0.025987
3034	0.015635
3033	0.033915
3032	0.0015416
3031	0.018628
3030	0.026256
3029	0.011268
3028	0.030617
3027	0.020274
3026	0.037607
3025	0.010264
3024	-0.00014277
3023	0.03128
3022	0.022904
3021	0.042822
3020	0.016518
3019	0.039636
3018	-0.0022123
3017	0.019594
3016	0.010698
3015	0.0053913
3014	0.015779
3013	0.03779
3012	0.019642
3011	0.046362
3010	0.0073729
3009	0.031116
3008	0.017628
3007	0.012775
3006	0.018552
3005	0.020967
3004	0.015984
3003	0.014176
3002	0.028347
3001	0.0066774
3000	0.0057866
2999	0.035333
2998	0.046077
2997	-0.0026061
2996	0.027557
2995	0.029854
2994	0.037711
2993	0.015787
2992	0.039107
2991	0.02458
2990	0.032534
2989	0.018519
2988	0.038123
2987	0.011708
2986	0.0084468
2985	0.012529
2984	0.026233
2983	0.0068436
2982	0.035181
2981	0.015158
2980	0.018075
2979	0.024779
2978	0.029722
2977	0.026644
2976	0.037819
2975	-0.00083276
2974	0.022867
2973	0.0079914
2972	0.0062545
2971	-0.0033169
2970	0.026933
2969	-0.00069216
2968	0.020933
2967	0.0088123
2966	0.016203
2965	0.030116
2964	0.027561
2963	0.016368
2962	0.032089
2961	0.013577
2960	0.013076
2959	0.035207
2958	0.01338
2957	0.0053782
2956	0.030638
2955	0.028125
2954	0.016865
2953	0.019912
2952	0.022703
2951	0.013729
2950	0.0019784
2949	-0.003357
2948	0.030564
2947	0.017504
2946	0.025855
2945	0.010124
2944	0.0090969
2943	-0.00043137
2942	0.010789
2941	0.037059
2940	0.013764
2939	0.0069763
2938	0.0112
2937	0.015911
2936	0.031014
2935	0.020036
2934	0.017915
2933	0.021419
2932	0.013263
2931	0.0093556
2930	0.020682
2929	0.011269
2928	0.0017541
2927	0.018366
2926	0.0087702
2925	0.016802
2924	0.0063502
2923	-4.83E-05
2922	0.022865
2921	0.016916
2920	0.031794
2919	0.014846
2918	0.0033726
2917	0.022565
2916	0.0057749
2915	0.015204
2914	0.013413
2913	0.011685
2912	0.02026
2911	0.033547
2910	0.0023433
2909	0.015362
2908	0.010905
2907	0.0093438
2906	0.010475
2905	0.01101
2904	0.0097104
2903	0.0077491
2902	-0.00048109
2901	0.01672
2900	0.0074762
2899	0.012101
2898	0.0069145
2897	0.015174
2896	0.0037527
2895	0.012761
2894	0.018455
2893	0.0012438
2892	0.016159
2891	0.021371
2890	0.014914
2889	-0.0020786
2888	0.019458
2887	0.01045
2886	0.012284
2885	0.0019278
2884	0.0030865
2883	0.0059516
2882	0.010963
2881	0.005963
2880	0.0058202
2879	0.0032693
2878	-0.00067098
2877	0.010127
2876	0.016918
2875	0.0034747
2874	0.00043466
2873	0.0082177
2872	0.0095475
2871	0.016392
2870	-0.0025674
2869	0.0044765
2868	0.0013818
2867	0.0080419
2866	0.0098185
2865	0.0065257
2864	0.0078377
2863	0.002927
2862	0.014377
2861	0.00421
2860	0.011966
2859	0.0047392
2858	0.0079176
2857	0.0026134
2856	0.0017919
2855	0.0063212
2854	0.0048493
2853	0.008113
2852	0.011662
2851	0.0057407
2850	0.0040835
2849	0.0072452
2848	-0.0058175
2847	0.018696
2846	0.0064241
2845	0.003625
2844	0.0043628
2843	0.0068663
2842	-0.00036605
2841	0.0049794
2840	0.0035717
2839	0.009327
2838	0.0038217
2837	0.00028571
2836	0.0038355
2835	0.0011268
2834	0.0041299
2833	0.0073263
2832	-0.00042269
2831	-0.0011274
2830	0.0049805
2829	0.0047648
2828	0.0048761
2827	0.00358
2826	0.0041422
2825	0.0043836
2824	0.0038647
2823	0.0040136
2822	0.0053508
2821	0.0069436
2820	-0.0019244
2819	0.0063972
2818	0.0001571
2817	0.011359
2816	0.0045117
2815	-0.0013344
2814	0.0044279
2813	0.0085119
2812	0.001723
2811	0.0075249
2810	0.0043708
2809	0.0021077
2808	0.0090034
2807	0.0040893
2806	0.0061415
2805	0.0032413
2804	0.0033542
2803	0.0041362
2802	0.0043269
2801	0.0038155
2800	0.0019872
2799	0.00092063
2798	0.0028045
2797	0.0045287
2796	0.0094469
2795	0.0030941
2794	0.0075694
2793	0.0060207
2792	0.0037686
2791	0.010634
2790	0.0023597
2789	0.0058429
2788	0.0034512
2787	0.0056041
2786	0.0095319
2785	0.0047393
2784	0.0023145
2783	0.0033795
2782	0.0063147
2781	0.0037702
2780	0.0075471
2779	0.0023617
2778	0.002667
2777	0.0051134
2776	0.0054191
2775	0.0028173
2774	0.0069225
2773	0.0020521
2772	0.0026976
2771	0.007799
2770	0.0068244
2769	0.0025194
2768	0.0034721
2767	0.0021014
2766	0.0046803
2765	0.00027096
2764	0.0030328
2763	-0.005621
2762	0.0054583
2761	0.0081887
2760	0.0027265
2759	-0.0026977
2758	0.0012157
2757	0.0061662
2756	-0.00060327
2755	0.0033017
2754	0.0037703
2753	0.0043418
2752	0.0018668
2751	0.00020002
2750	0.003991
2749	0.0042374
2748	0.0050179
2747	0.0073283
2746	0.0011897
2745	0.0042777
2744	0.0066024
2743	0.0052226
2742	-0.0011309
2741	0.0043713
2740	0.0071948
2739	-0.0028718
2738	6.50E-05
2737	0.00023536
2736	0.0033687
2735	0.010899
2734	0.0063314
2733	0.00071563
2732	0.0061762
2731	0.00013621
2730	0.0086454
2729	0.0071434
2728	0.00050752
2727	0.0050665
2726	0.0069075		
2725	-0.00058586		
2724	0.0059255		
2723	0.0070307		
2722	-0.002192		
2721	0.0072694		
2720	0.00739		
2719	0.0050907		
2718	0.0033742		
2717	0.0084232		
2716	0.0045155		
2715	0.0049389		
2714	0.0024366		
2713	0.0058865		
2712	0.0039502		
2711	0.0044416		
2710	0.0081909
2709	0.008859
2708	0.0023122
2707	0.0070602
2706	0.0056662
2705	0.0031997
2704	0.0038596
2703	0.003698
2702	0.0010743
2701	0.008499
2700	0.0053615
2699	0.004327
2698	0.0036227
2697	0.0054303
2696	0.013739
2695	-0.0027415
2694	0.0090418
2693	0.00071352
2692	0.0066868
2691	0.0067929
2690	0.011379
2689	0.0068485
2688	0.0064249
2687	0.0035967
2686	0.0081132
2685	0.0063566
2684	0.0059725
2683	0.00070045
2682	0.0066433
2681	0.0022605
2680	0.0064487
2679	0.005307
2678	0.0078331
2677	0.0055239
2676	0.0066434
2675	0.011675
2674	0.0087899
2673	0.0097643
2672	0.0065929
2671	0.013794
2670	0.0080569
2669	0.0069471
2668	0.0051574
2667	0.011534
2666	0.009766
2665	0.006658
2664	0.0082584
2663	0.013344
2662	0.0050263		
2661	0.010944		
2660	0.0064405		
2659	0.0055368		
2658	0.010003		
2657	0.01194		
2656	0.016425		
2655	0.01357		
2654	0.0095226		
2653	0.018322		
2652	0.011841		
2651	0.016378		
2650	0.015158		
2649	0.019965		
2648	0.017329		
2647	0.013927		
2646	0.015794
2645	0.02749
2644	0.020067
2643	0.019591
2642	0.023728
2641	0.026372
2640	0.026593
2639	0.029354
2638	0.035961
2637	0.037049
2636	0.036346
2635	0.03632
2634	0.043106
2633	0.045935
2632	0.039861
2631	0.048116
2630	0.046991
2629	0.051702
2628	0.052888
2627	0.056869
2626	0.058285
2625	0.061766
2624	0.059038
2623	0.059477
2622	0.048837
2621	0.054909
2620	0.056116
2619	0.053091
2618	0.053528
2617	0.051212
2616	0.05094
2615	0.043137
2614	0.04306
2613	0.046091
2612	0.038781
2611	0.041161
2610	0.033371
2609	0.028587
2608	0.026819
2607	0.027829
2606	0.031699
2605	0.020441
2604	0.022749
2603	0.020501
2602	0.017681
2601	0.016058
2600	0.021409
2599	0.028493
2598	0.01802
2597	0.018733
2596	0.011645
2595	0.017469
2594	0.0077603
2593	0.015736
2592	0.011162
2591	0.012018
2590	0.012733
2589	0.013065
2588	0.011581
2587	0.014383
2586	0.016613
2585	0.010179
2584	0.0060492
2583	0.012868
2582	0.0080079
2581	0.0075277
2580	0.0066885
2579	0.011673
2578	0.014384
2577	0.0062777
2576	0.010321
2575	0.0069289
2574	0.010425
2573	0.011144
2572	0.0038337
2571	0.0091752
2570	0.0052826
2569	0.0083324
2568	0.0053507
2567	0.0050272
2566	0.0062206
2565	0.0083976
2564	0.011152
2563	0.0094193
2562	0.0078148
2561	-0.00011706
2560	0.0029991
2559	0.0096949
2558	0.0051673
2557	0.0061783
2556	0.0022612
2555	0.0096611
2554	0.0078206
2553	0.0063317
2552	0.014173
2551	-0.0020401
2550	0.0090641
2549	0.0046814
2548	0.012293
2547	-0.00097673
2546	0.008579
2545	0.0081565
2544	0.0036891
2543	0.0054112
2542	0.0045235
2541	0.0069203
2540	0.006499
2539	0.0028344
2538	0.0061529
2537	0.0098582
2536	0.0076903
2535	0.009429
2534	0.010631
2533	0.0077708
2532	0.0037208
2531	0.0055607
2530	0.0063208
2529	0.0087683
2528	0.0017801
2527	0.0061773
2526	0.0036957
2525	0.010267
2524	0.0011273
2523	0.012771
2522	0.004992
2521	0.0077785
2520	0.003615
2519	0.0049016
2518	0.0043741
2517	0.0043458
2516	0.0069087
2515	0.0070626
2514	0.0027595
2513	0.0046658
2512	0.0046443
2511	0.0030502
2510	0.002045
2509	0.0068038
2508	0.003259
2507	0.009871
2506	0.005913
2505	0.006582
2504	0.0077751
2503	0.0052081
2502	0.0033829
2501	0.0051816
2500	0.0086521
2499	0.00028977
2498	0.007987
2497	0.005543
2496	0.0035542
2495	0.0045145
2494	0.0037875
2493	0.0075933
2492	-0.0007383
2491	0.0025122
2490	0.0092541
2489	0.0075202
2488	0.0078454
2487	0.0084749
2486	-0.0031928
2485	0.0041628
2484	0.0034912
2483	0.0037305
2482	0.003318
2481	0.0022118
2480	0.0045213
2479	0.0045088
2478	-7.74E-05
2477	0.0046303
2476	0.0054054
2475	0.0096355
2474	0.0075977
2473	0.0093102
2472	0.0053411
2471	0.0066694
2470	0.0032245
2469	0.0073565
2468	0.0064541
2467	0.009299
2466	6.78E-05
2465	0.0089279
2464	0.0019406
2463	0.0018011
2462	0.0077416
2461	0.0039495
2460	0.0035724
2459	0.003802
2458	0.0079734
2457	0.010979
2456	0.0093783
2455	0.010844
2454	0.0087182
2453	0.0084386
2452	0.0034345
2451	0.0094254
2450	0.006246
2449	0.0079847
2448	0.0050986
2447	0.0070726
2446	0.00025675
2445	0.0052323
2444	0.0030744
2443	0.0072776
2442	0.0069547
2441	0.0041021
2440	0.0095011
2439	0.0018421
2438	0.0060691
2437	0.008315
2436	0.013206
2435	0.011868
2434	0.0048467
2433	0.012942
2432	0.0086719
2431	0.010379
2430	0.010922
2429	0.010545
2428	0.0031101
2427	0.0093228
2426	0.0047987
2425	0.010132
2424	0.011715
2423	0.012447
2422	0.0099104
2421	0.0093215
2420	0.0041082
2419	0.0093597
2418	0.0063184
2417	0.0079297
2416	0.0093576
2415	0.012576
2414	0.011728
2413	0.0044202
2412	0.003466
2411	0.0029533
2410	0.012886
2409	0.006672
2408	0.011253
2407	0.010836
2406	0.0041373
2405	0.0060035
2404	0.0091611
2403	0.016393
2402	0.0073003
2401	0.009581
2400	0.01451
2399	0.012068
2398	0.016377
2397	0.015959
2396	0.014963
2395	0.015816
2394	0.012711
2393	0.021131
2392	0.012286
2391	0.012603
2390	0.018176
2389	0.018546
2388	0.016962
2387	0.021481
2386	0.019212
2385	0.019447
2384	0.01901
2383	0.020894
2382	0.020697
2381	0.01765
2380	0.01769
2379	0.023941
2378	0.017636
2377	0.028105
2376	0.021581
2375	0.018685
2374	0.027193
2373	0.022525
2372	0.029427
2371	0.028992
2370	0.03124
2369	0.027291
2368	0.029529
2367	0.038189
2366	0.031159
2365	0.032937
2364	0.034158
2363	0.03651
2362	0.041043
2361	0.040377
2360	0.04249
2359	0.040517
2358	0.043859
2357	0.050111
2356	0.046305
2355	0.046312
2354	0.051687
2353	0.052581
2352	0.054684
2351	0.055518
2350	0.054839
2349	0.054551
2348	0.059959
2347	0.048106
2346	0.05783
2345	0.058248
2344	0.056598
2343	0.054514
2342	0.050916
2341	0.057217
2340	0.047347
2339	0.054336
2338	0.049233
2337	0.05137
2336	0.051607
2335	0.050244
2334	0.046043
2333	0.047361
2332	0.045518
2331	0.040469
2330	0.043519
2329	0.041179
2328	0.036999
2327	0.037422
2326	0.042612
2325	0.035975
2324	0.03398
2323	0.035878
2322	0.037141
2321	0.029887
2320	0.037708
2319	0.036632
2318	0.032671
2317	0.033409
2316	0.031327
2315	0.024648
2314	0.024599
2313	0.027723
2312	0.023806
2311	0.029987
2310	0.027915
2309	0.024124
2308	0.025468
2307	0.026269
2306	0.029098
2305	0.020124
2304	0.023452
2303	0.017419
2302	0.023765
2301	0.020753
2300	0.021235
2299	0.02223
2298	0.021719
2297	0.020139
2296	0.017747
2295	0.022724
2294	0.017267
2293	0.023303
2292	0.016608
2291	0.01677
2290	0.022831
2289	0.014938
2288	0.01859
2287	0.023887
2286	0.019946
2285	0.022862
2284	0.017061
2283	0.020831
2282	0.01298
2281	0.019241
2280	0.020346
2279	0.020416
2278	0.015239
2277	0.014375
2276	0.018097
2275	0.017742
2274	0.018658
2273	0.016466
2272	0.021442
2271	0.017721
2270	0.012489
2269	0.019831
2268	0.015268
2267	0.018615
2266	0.020814
2265	0.016201
2264	0.01912
2263	0.015779
2262	0.017742
2261	0.019391
2260	0.025558
2259	0.021512
2258	0.016677
2257	0.016259
2256	0.013482
2255	0.014306
2254	0.02103
2253	0.014882
2252	0.017379
2251	0.020561
2250	0.017697
2249	0.018128
2248	0.020179
2247	0.012681
2246	0.016756
2245	0.012519
2244	0.022667
2243	0.015103
2242	0.015314
2241	0.017012
2240	0.014408
2239	0.019831
2238	0.015828
2237	0.017715
2236	0.014173
2235	0.01488
2234	0.017589
2233	0.018717
2232	0.012524
2231	0.01338
2230	0.011451
2229	0.0091079
2228	0.0075449
2227	0.016369
2226	0.014605
2225	0.010694
2224	0.01333
2223	0.012525
2222	0.018
2221	0.0053579
2220	0.015617
2219	0.010703
2218	0.012814
2217	0.0071504
2216	0.012583
2215	0.010869
2214	0.012036
2213	0.0084917
2212	0.0058449
2211	0.012939
2210	0.0053177
2209	0.013765
2208	0.009491
2207	0.01132
2206	0.011251
2205	0.012961
2204	0.011843
2203	0.012034
2202	0.011584
2201	0.0093042
2200	0.012108
2199	0.011329
2198	0.0060119
2197	0.012796
2196	0.0072116
2195	0.013611
2194	0.010761
2193	0.011728
2192	0.0067101
2191	0.0085305
2190	0.0046345
2189	0.0018337
2188	0.015366
2187	0.011073
2186	0.011291
2185	0.014464
2184	0.0047417
2183	0.010576
2182	0.008382
2181	0.0064374
2180	0.0087803
2179	0.0056146
2178	0.011164
2177	0.0065944
2176	0.014359
2175	0.0036722
2174	0.0097208
2173	0.0070674
2172	0.0072776
2171	0.011611
2170	0.0047974
2169	0.011823
2168	0.0067352
2167	0.0074159
2166	0.0095319
2165	0.0058035
2164	0.01706
2163	0.0078859
2162	0.010216
2161	0.01201
2160	0.010826
2159	0.0094279
2158	0.0070982
2157	0.0088961
2156	0.0085961
2155	0.0096268
2154	0.010152
2153	0.0073199
2152	0.012499
2151	0.012543
2150	0.0078602
2149	0.0094732
2148	0.011416
2147	0.015195
2146	0.012439
2145	0.0064414
2144	0.011355
2143	0.019398
2142	0.0037861
2141	0.013015
2140	0.010518
2139	0.013001
2138	0.010718
2137	0.016521
2136	0.0065308
2135	0.015955
2134	0.01259
2133	0.011436
2132	0.013939
2131	0.011213
2130	0.012074
2129	0.011269
2128	0.016966
2127	0.010816
2126	0.013021
2125	0.01306
2124	0.017608
2123	0.012769
2122	0.0056693
2121	0.012844
2120	0.01283
2119	0.008542
2118	0.007242
2117	0.015687
2116	0.0073978
2115	0.01323
2114	0.011779
2113	0.009096
2112	0.0081157
2111	0.019131
2110	0.013225
2109	0.014542
2108	0.011792
2107	0.011321
2106	0.0087571
2105	0.010852
2104	0.018503
2103	0.0086877
2102	0.012756
2101	0.014815
2100	0.016612
2099	0.009269
2098	0.0092246
2097	0.010973
2096	0.0050114
2095	0.0047625
2094	0.0070438
2093	0.013453
2092	0.0045364
2091	0.014291
2090	0.013187
2089	0.010465
2088	0.011416
2087	0.0097077
2086	0.011028
2085	0.012684
2084	0.013729
2083	0.0069644
2082	0.0056499
2081	0.010502
2080	0.0074256
2079	0.02361
2078	0.0018884
2077	0.0091927
2076	0.0058475
2075	0.0070537
2074	0.0090938
2073	0.012348
2072	0.014232
2071	0.011036
2070	0.012845
2069	0.0025378
2068	0.0055422
2067	0.010458
2066	0.0040725
2065	0.0040737
2064	0.015059
2063	0.0076603
2062	0.0095315
2061	0.0044146
2060	0.0087863
2059	0.01203
2058	0.0056902
2057	0.0075823
2056	0.002418
2055	0.010221
2054	0.011815
2053	0.012708
2052	0.0049099
2051	0.0077361
2050	0.0086156
2049	0.011797
2048	0.012552
2047	0.011583
2046	0.016203
2045	0.013963
2044	0.0086038
2043	0.0091968
2042	0.010204
2041	0.011654
2040	0.0075286
2039	0.014005
2038	0.015322
2037	0.012027
2036	0.010314
2035	0.010396
2034	0.0083202
2033	0.0091743
2032	0.011606
2031	0.012789
2030	0.0047
2029	0.0023159
2028	0.0099277
2027	0.010643
2026	0.016563
2025	0.0088563
2024	0.017895
2023	0.012299
2022	0.014682
2021	0.0096583
2020	0.013826
2019	0.015394
2018	0.010585
2017	0.022541
2016	0.017712
2015	0.014978
2014	0.017718
2013	0.013384
2012	0.016717
2011	0.014259
2010	0.021449
2009	0.016478
2008	0.01942
2007	0.024409
2006	0.017573
2005	0.024147
2004	0.026577
2003	0.024583
2002	0.023352
2001	0.024427
2000	0.023963
1999	0.026655
1998	0.028111
1997	0.032662
1996	0.039897
1995	0.036294
1994	0.030232
1993	0.035326
1992	0.039406
1991	0.031394
1990	0.045519
1989	0.038607
1988	0.043459
1987	0.048037
1986	0.045995
1985	0.047855
1984	0.048655
1983	0.048084
1982	0.04306
1981	0.045537
1980	0.04809
1979	0.052148
1978	0.051101
1977	0.054489
1976	0.057527
1975	0.052753
1974	0.052458
1973	0.05434
1972	0.057913
1971	0.061647
1970	0.055482
1969	0.058944
1968	0.05443
1967	0.054464
1966	0.056822
1965	0.064933
1964	0.054439
1963	0.057017
1962	0.059918
1961	0.060998
1960	0.058085
1959	0.057439
1958	0.055953
1957	0.047748
1956	0.052667
1955	0.050961
1954	0.054826
1953	0.057558
1952	0.052728
1951	0.046306
1950	0.051237
1949	0.050732
1948	0.051619
1947	0.044645
1946	0.055366
1945	0.043009
1944	0.049584
1943	0.050926
1942	0.051672
1941	0.051968
1940	0.044586
1939	0.051669
1938	0.043625
1937	0.051328
1936	0.054204
1935	0.048904
1934	0.05026
1933	0.05326
1932	0.042738
1931	0.047008
1930	0.041933
1929	0.049567
1928	0.052499
1927	0.047364
1926	0.045594
1925	0.049941
1924	0.049714
1923	0.048402
1922	0.041305
1921	0.053512
1920	0.048101
1919	0.050946
1918	0.044428
1917	0.049866
1916	0.044226
1915	0.047842
1914	0.048594
1913	0.045659
1912	0.051316
1911	0.04968
1910	0.037397
1909	0.042735
1908	0.044299
1907	0.048589
1906	0.046297
1905	0.044764
1904	0.04515
1903	0.054376
1902	0.03857
1901	0.052263
1900	0.04616
1899	0.043536
1898	0.047607
1897	0.04301
1896	0.043753
1895	0.043474
1894	0.042692
1893	0.047336
1892	0.045503
1891	0.047613
1890	0.044093
1889	0.044773
1888	0.05184
1887	0.04369
1886	0.048954
1885	0.050277
1884	0.045568
1883	0.044556
1882	0.048055
1881	0.049385
1880	0.047146
1879	0.044945
1878	0.045629
1877	0.052592
1876	0.044785
1875	0.049277
1874	0.046707
1873	0.053007
1872	0.041924
1871	0.050315
1870	0.048512
1869	0.048618
1868	0.041994
1867	0.042968
1866	0.047594
1865	0.050222
1864	0.051663
1863	0.044189
1862	0.048635
1861	0.049254
1860	0.048873
1859	0.044196
1858	0.054279
1857	0.052296
1856	0.05503
1855	0.05482
1854	0.055681
1853	0.04539
1852	0.052713
1851	0.053682
1850	0.05328
1849	0.050796
1848	0.056577
1847	0.045535
1846	0.056815
1845	0.049211
1844	0.053241
1843	0.059501
1842	0.055832
1841	0.05362
1840	0.052586
1839	0.058323
1838	0.055892
1837	0.061516
1836	0.05866
1835	0.058449
1834	0.06245
1833	0.056179
1832	0.058783
1831	0.06385
1830	0.064468
1829	0.065209
1828	0.061146
1827	0.05572
1826	0.059464
1825	0.062507
1824	0.064056
1823	0.06244
1822	0.062554
1821	0.069247
1820	0.060856
1819	0.06563
1818	0.068573
1817	0.066536
1816	0.071105
1815	0.071961
1814	0.071459
1813	0.072985
1812	0.070058
1811	0.068553
1810	0.073405
1809	0.072428
1808	0.073315
1807	0.076032
1806	0.075341
1805	0.078697
1804	0.084979
1803	0.076749
1802	0.080686
1801	0.085774
1800	0.089051
1799	0.085834
1798	0.080197
1797	0.090554
1796	0.082969
1795	0.096228
1794	0.087789
1793	0.090071
1792	0.089797
1791	0.088248
1790	0.098191
1789	0.096431
1788	0.099753
1787	0.096048
1786	0.10308
1785	0.10246
1784	0.10549
1783	0.10658
1782	0.11097
1781	0.11634
1780	0.11686
1779	0.11358
1778	0.12078
1777	0.11815
1776	0.1202
1775	0.12477
1774	0.121
1773	0.12933
1772	0.12922
1771	0.1374
1770	0.13928
1769	0.13591
1768	0.14069
1767	0.14711
1766	0.14855
1765	0.15249
1764	0.15756
1763	0.15998
1762	0.16074
1761	0.17306
1760	0.16316
1759	0.17339
1758	0.18846
1757	0.18405
1756	0.18493
1755	0.19309
1754	0.19114
1753	0.204
1752	0.20509
1751	0.21368
1750	0.21319
1749	0.22436
1748	0.2311
1747	0.23668
1746	0.24244
1745	0.24726
1744	0.26072
1743	0.26221
1742	0.27539
1741	0.28236
1740	0.29201
1739	0.29608
1738	0.30727
1737	0.32026
1736	0.32758
1735	0.33356
1734	0.34752
1733	0.36002
1732	0.37841
1731	0.3877
1730	0.40031
1729	0.41611
1728	0.43159
1727	0.44068
1726	0.46528
1725	0.48369
1724	0.4955
1723	0.51743
1722	0.54088
1721	0.56133
1720	0.57309
1719	0.60487
1718	0.63116
1717	0.65432
1716	0.67965
1715	0.70718
1714	0.7433
1713	0.77407
1712	0.81109
1711	0.84389
1710	0.88782
1709	0.91788
1708	0.97403
1707	1.021
1706	1.074
1705	1.1208
1704	1.1747
1703	1.2342
1702	1.3006
1701	1.3765
1700	1.4507
1699	1.5249
1698	1.6124
1697	1.7024
1696	1.7979
1695	1.9043
1694	2.0191
1693	2.1377
1692	2.2632
1691	2.4098
1690	2.5621
1689	2.7183
1688	2.9043
1687	3.1004
1686	3.2982
1685	3.5299
1684	3.7732
1683	4.0368
1682	4.3357
1681	4.6579
1680	5.0038
1679	5.3798
1678	5.7958
1677	6.2576
1676	6.7476
1675	7.3054
1674	7.912
1673	8.5763
1672	9.307
1671	10.112
1670	11.011
1669	12.005
1668	13.097
1667	14.28
1666	15.609
1665	17.05
1664	18.648
1663	20.398
1662	22.369
1661	24.482
1660	26.72
1659	29.276
1658	31.925
1657	34.785
1656	37.958
1655	41.123
1654	44.456
1653	47.952
1652	51.487
1651	54.977
1650	58.542
1649	61.902
1648	65.064
1647	68.042
1646	70.637
1645	72.963
1644	74.936
1643	76.545
1642	77.756
1641	78.607
1640	79.15
1639	79.367
1638	79.342
1637	79.082
1636	78.668
1635	78.086
1634	77.406
1633	76.683
1632	75.883
1631	75.054
1630	74.255
1629	73.476
1628	72.714
1627	72.022
1626	71.392
1625	70.775
1624	70.26
1623	69.801
1622	69.391
1621	69.091
1620	68.836
1619	68.649
1618	68.524
1617	68.464
1616	68.451
1615	68.503
1614	68.62
1613	68.789
1612	69.003
1611	69.267
1610	69.548
1609	69.895
1608	70.259
1607	70.669
1606	71.107
1605	71.552
1604	72
1603	72.473
1602	72.965
1601	73.465
1600	73.957
1599	74.483
1598	74.967
1597	75.406
1596	75.873
1595	76.328
1594	76.75
1593	77.154
1592	77.545
1591	77.867
1590	78.155
1589	78.448
1588	78.686
1587	78.877
1586	79.085
1585	79.191
1584	79.265
1583	79.331
1582	79.336
1581	79.33
1580	79.288
1579	79.23
1578	79.121
1577	78.964
1576	78.803
1575	78.634
1574	78.432
1573	78.205
1572	77.953
1571	77.69
1570	77.377
1569	77.044
1568	76.709
1567	76.345
1566	75.914
1565	75.452
1564	74.922
1563	74.327
1562	73.66
1561	72.908
1560	72.069
1559	71.111
1558	70.024
1557	68.79
1556	67.404
1555	65.819
1554	64.139
1553	62.262
1552	60.252
1551	58.11
1550	55.752
1549	53.263
1548	50.726
1547	48.082
1546	45.433
1545	42.744
1544	40.035
1543	37.378
1542	34.703
1541	32.233
1540	29.821
1539	27.507
1538	25.338
1537	23.289
1536	21.301
1535	19.54
1534	17.913
1533	16.336
1532	14.988
1531	13.711
1530	12.506
1529	11.453
1528	10.475
1527	9.5882
1526	8.7745
1525	8.0491
1524	7.3683
1523	6.744
1522	6.2016
1521	5.7014
1520	5.2383
1519	4.8316
1518	4.4654
1517	4.1045
1516	3.796
1515	3.5079
1514	3.248
1513	3.0187
1512	2.7974
1511	2.5942
1510	2.4154
1509	2.2391
1508	2.0871
1507	1.9468
1506	1.8139
1505	1.7023
1504	1.581
1503	1.4859
1502	1.3947
1501	1.3036
1500	1.2289
1499	1.1458
1498	1.0774
1497	1.0181
1496	0.95455
1495	0.90338
1494	0.85293
1493	0.80144
1492	0.7593
1491	0.71578
1490	0.6763
1489	0.64288
1488	0.61216
1487	0.57967
1486	0.54779
1485	0.51939
1484	0.49308
1483	0.47921
1482	0.45195
1481	0.42723
1480	0.40979
1479	0.39005
1478	0.36972
1477	0.35139
1476	0.33205
1475	0.3227
1474	0.30634
1473	0.29399
1472	0.28108
1471	0.27091
1470	0.26147
1469	0.25488
1468	0.23937
1467	0.22713
1466	0.22388
1465	0.22164
1464	0.20892
1463	0.20492
1462	0.19052
1461	0.19247
1460	0.18502
1459	0.1858
1458	0.17021
1457	0.16572
1456	0.16701
1455	0.15371
1454	0.15178
1453	0.15132
1452	0.14392
1451	0.13665
1450	0.13382
1449	0.13199
1448	0.12785
1447	0.12215
1446	0.1139
1445	0.11221
1444	0.11846
1443	0.10844
1442	0.10616
1441	0.10157
1440	0.10084
1439	0.10201
1438	0.097095
1437	0.093416
1436	0.10169
1435	0.089891
1434	0.090621
1433	0.091158
1432	0.085314
1431	0.079268
1430	0.085046
1429	0.072749
1428	0.082367
1427	0.079637
1426	0.075713
1425	0.075064
1424	0.073907
1423	0.080581
1422	0.069786
1421	0.078128
1420	0.074365
1419	0.075624
1418	0.067495
1417	0.065392
1416	0.064038
1415	0.06957
1414	0.060917
1413	0.071219
1412	0.066912
1411	0.057704
1410	0.059756
1409	0.061652
1408	0.058737
1407	0.063883
1406	0.055036
1405	0.063699
1404	0.057895
1403	0.060797
1402	0.05426
1401	0.0662
1400	0.055876
1399	0.057209
1398	0.048095		
1397	0.049343		
1396	0.052081		
1395	0.053973		
1394	0.058961		
1393	0.056867		
1392	0.053228		
1391	0.061932		
1390	0.054068		
1389	0.053543		
1388	0.056494		
1387	0.051989		
1386	0.057267		
1385	0.054739		
1384	0.052628		
1383	0.052611		
1382	0.055706
1381	0.047996
1380	0.050818
1379	0.051106
1378	0.049917
1377	0.048935
1376	0.047868
1375	0.046037
1374	0.056625
1373	0.046301
1372	0.042862
1371	0.044738
1370	0.033425
1369	0.0401
1368	0.044492
1367	0.039768
1366	0.034096
1365	0.036042
1364	0.030536
1363	0.0363
1362	0.034579
1361	0.036183
1360	0.033885
1359	0.036728
1358	0.038695
1357	0.040416
1356	0.034774
1355	0.04005
1354	0.03869
1353	0.036384
1352	0.041658
1351	0.037
1350	0.041263
1349	0.037833
1348	0.038522
1347	0.044343
1346	0.042343
1345	0.044415
1344	0.044007
1343	0.046313
1342	0.045765
1341	0.050076
1340	0.05867
1339	0.057067
1338	0.061103
1337	0.057258
1336	0.05646
1335	0.061026
1334	0.062081
1333	0.070322
1332	0.07044
1331	0.074212
1330	0.076166
1329	0.076125
1328	0.077304
1327	0.077602
1326	0.071162
1325	0.079233
1324	0.082174
1323	0.091015
1322	0.079692
1321	0.081206
1320	0.086786
1319	0.089096
1318	0.090985
1317	0.092273
1316	0.093381
1315	0.099738
1314	0.09866
1313	0.098804
1312	0.098614
1311	0.10072
1310	0.10775
1309	0.10082
1308	0.1086
1307	0.098824
1306	0.10423
1305	0.1022
1304	0.10198
1303	0.10656
1302	0.10349
1301	0.10642
1300	0.10996
1299	0.10549
1298	0.10776
1297	0.108
1296	0.10706
1295	0.1222
1294	0.11704
1293	0.12684
1292	0.13504
1291	0.13352
1290	0.13731
1289	0.14011
1288	0.14686
1287	0.14853
1286	0.14588
1285	0.1426
1284	0.13665
1283	0.12972
1282	0.12309
1281	0.10716
1280	0.10072
1279	0.086096
1278	0.075596
1277	0.066106
1276	0.051658
1275	0.051208
1274	0.040954
1273	0.0348
1272	0.036418
1271	0.028981
1270	0.026168
1269	0.02367
1268	0.018274
1267	0.012501
1266	0.023191
1265	0.019099
1264	0.010618
1263	0.014449
1262	0.018561
1261	0.0063793
1260	0.010891
1259	0.015944
1258	0.011146
1257	0.013396
1256	0.0095948
1255	0.010865
1254	0.01621
1253	0.019087
1252	0.013956
1251	0.0203
1250	0.0098572
1249	0.013972
1248	0.02256
1247	0.016681
1246	0.019064
1245	0.01975
1244	0.030674
1243	0.040121
1242	0.055548
1241	0.075924
1240	0.10424
1239	0.11244
1238	0.12137
1237	0.11231
1236	0.094556
1235	0.082005
1234	0.065835
1233	0.043448
1232	0.039121
1231	0.029167
1230	0.022337
1229	0.022774
1228	0.013878
1227	0.018678
1226	0.015013
1225	0.0071724
1224	0.011629
1223	0.010465
1222	0.0079947
1221	0.011056
1220	0.0091787
1219	0.0085479
1218	0.0096074
1217	0.0057041
1216	0.0043265
1215	0.014082
1214	0.016407
1213	0.0065998
1212	0.015434
1211	0.012315
1210	0.0071204
1209	0.023809
1208	0.022911
1207	0.029951
1206	0.035631		
1205	0.050585		
1204	0.075807		
1203	0.076786		
1202	0.078189		
1201	0.065772		
1200	0.049948		
1199	0.032479		
1198	0.024207		
1197	0.014233		
1196	0.011299		
1195	0.0094707		
1194	0.0072106		
1193	0.0074256		
1192	0.0050247		
1191	0.0034689		
1190	0.011245
1189	0.0029462
1188	-0.0012105
1187	0.0041454
1186	0.0016072
1185	-0.0022932
1184	0.0054901
1183	0.0087201
1182	0.0047195
1181	0.0059632
1180	0.0015387
1179	0.0020836
1178	0.00055417
1177	0.0032901
1176	0.0021118
1175	0.0063736
1174	-0.00021954
1173	0.0095194
1172	0.0010532
1171	0.0050079
1170	0.0069816
1169	0.0026074
1168	0.006421
1167	0.002683
1166	0.0091788
1165	0.0089785
1164	0.0034021
1163	0.0067869
1162	0.0041938
1161	0.00098186
1160	0.0059395
1159	0.0044195
1158	-0.00032104
1157	0.0021138
1156	-0.00056476
1155	0.0077111
1154	0.008135
1153	0.0044909
1152	0.00051684
1151	0.0049189
1150	0.0037231
1149	0.0038822
1148	0.0035787
1147	0.011283
1146	0.0018076
1145	0.0042142
1144	0.0056322
1143	-0.0020545
1142	0.0025463
1141	0.0052306
1140	0.0026079
1139	0.0018028
1138	0.0043376
1137	0.0067662
1136	0.0088506
1135	-0.0023527
1134	0.0087103
1133	-0.0020285
1132	0.0054232
1131	0.006508
1130	0.0071659
1129	-0.00054024
1128	0.001779
1127	0.0078069
1126	-0.00074016
1125	0.0020312
1124	0.0046135
1123	-0.00044324
1122	0.0090969
1121	0.0033469
1120	0.0038011
1119	0.0026571
1118	0.003221
1117	0.0065552
1116	0.0039555
1115	0.0066013
1114	0.0032378
1113	0.0029372
1112	0.0010598
1111	-0.0049724
1110	0.0058364
1109	0.0069305
1108	0.0052692
1107	0.0029877
1106	-0.0003804
1105	0.0020971
1104	0.0022622
1103	0.0065858
1102	0.00093061
1101	0.0059812
1100	-0.00093431
1099	0.0059938
1098	0.0019755
1097	0.0015153
1096	0.0063163
1095	0.0085995
1094	0.0077171
1093	0.01083
1092	-0.0013881
1091	0.0078258
1090	0.00073619
1089	0.0053648
1088	-0.0012955
1087	0.0043674
1086	0.013598
1085	-0.0010453
1084	0.0086578
1083	0.0081472
1082	0.0032545
1081	0.0025447
1080	0.001034
1079	-0.00031575
1078	0.005196
1077	-0.0012109
1076	0.0048592
1075	0.0030303
1074	0.00084513
1073	0.0050685
1072	0.0082094
1071	0.010048
1070	-0.0025009
1069	0.0099156
1068	0.013473
1067	0.0038625
1066	0.0074918
1065	-0.000765
1064	0.0036189
1063	0.0014971
1062	-0.00025545		
1061	6.40E-05		
1060	0.00048085		
1059	0.0047698		
1058	-0.0013135		
1057	0.0034493		
1056	0.0052324		
1055	0.0043883		
1054	0.0018526		
1053	0.0019761		
1052	0.0048373		
1051	0.00090773		
1050	0.0016447		
1049	0.0037348		
1048	0.0016842		
1047	-0.00032139		
1046	0.0001458
1045	0.0037594
1044	0.00072092
1043	0.00010677
1042	0.0079074
1041	0.0039449
1040	0.0057042
1039	0.0029919
1038	0.0034859
1037	0.001828
1036	0.0011864
1035	0.0084431
1034	0.0044734
1033	0.0025954
1032	0.0080519
1031	0.0042598
1030	0.0073735
1029	0.0026084
1028	0.0054608
1027	0.0015672
1026	0.0016465
1025	0.0085412
1024	0.0037726
1023	0.001525
1022	0.0021445
1021	0.0039191
1020	0.0055182
1019	0.0050515
1018	0.0019482
1017	0.0030962
1016	0.0043701
1015	-0.00056516
1014	0.0045397
1013	0.012303
1012	-0.0037641
1011	0.0032885
1010	0.0020407
1009	0.003279
1008	0.0016595
1007	0.0076813
1006	0.0095965
1005	0.010844
1004	0.011153
1003	0.0055553
1002	0.0085684
1001	0.0037535
1000	0.0020201
999	-0.0034566
998	0.009686
997	0.0079137
996	0.0014608
995	0.00076121
994	0.0077115
993	0.0049536
992	0.0009792
991	0.0046826
990	0.0010942
989	0.0030786
988	-0.0051076
987	0.0072503
986	0.0027332
985	-0.0050584
984	0.01195
983	0.0030713
982	-0.00017888
981	0.00563
980	0.0055037
979	0.0026449
978	0.0081654
977	-0.0022392
976	0.00086234
975	0.004505
974	-0.0037276
973	0.0088524
972	-0.0019066
971	0.0033971
970	0.0062357
969	0.0023845
968	0.0049625
967	0.0049296
966	0.0050199
965	0.0064881
964	0.0026294
963	0.0015501
962	0.002597
961	0.0028863
960	0.0012592
959	0.0027457
958	0.0046702
957	0.0080343
956	0.0043243
955	0.0097443
954	-0.00062268
953	0.0040868
952	0.0039549
951	0.011598
950	0.0017654
949	0.0075637
948	0.00093837
947	0.0078621
946	0.010422
945	0.0046394
944	0.0014531
943	0.0033579
942	0.0067606
941	0.013139
940	0.0045147
939	0.0032384
938	0.0051098
937	0.0024202
936	0.0077601
935	0.0057587
934	0.0042089
933	0.0053265
932	0.0075767
931	0.0042444
930	0.0045081
929	-0.0012153
928	0.0062715
927	0.0091114
926	0.01002
925	0.0056166
924	0.0067906
923	0.013127
922	0.0035497
921	0.0079999
920	0.0060368
919	0.012664
918	0.0026979
917	0.0053746
916	0.0068971
915	0.0020781
914	0.012695
913	0.014031
912	0.010908
911	0.0068086
910	0.011738
909	0.0038756
908	0.0097418
907	0.0019818
906	0.00096547
905	0.0021457
904	0.003287
903	0.013189
902	0.0085069
901	0.0054535
900	0.0010333
899	0.0052149
898	0.0038961
897	0.0025497
896	0.0091743
895	0.0070606
894	1.89E-06
893	0.0064599
892	0.0043802
891	-0.00079659
890	0.0033889
889	0.0066144
888	-0.003153
887	0.0046736
886	0.002239
885	-0.00090867
884	0.010449
883	0.0094493
882	0.0067056
881	0.00097293
880	0.0066192
879	0.003164
878	-0.00031042
877	0.0034175
876	0.0011824
875	0.0025446
874	0.0076056
873	0.0018213
872	0.01128
871	0.0041686
870	0.0030797
869	0.0046386
868	0.007064
867	0.0047566
866	0.0047014
865	0.0049679
864	0.00071446
863	0.0015793
862	0.0048377
861	0.0096025
860	0.0027896
859	0.0021725
858	0.0018938
857	-0.0021862
856	0.0083716
855	0.0048833
854	0.011603
853	-0.0025826
852	0.0083785
851	0.0059135
850	0.0039113
849	0.0090815
848	0.00031922
847	0.0056657
846	0.0039923
845	0.0075441
844	-0.0039702
843	8.27E-05
842	0.0031334
841	0.0073252
840	-0.0025702
839	0.0032369
838	0.0083245
837	0.0038289
836	-0.0012126
835	0.0020906
834	0.0078173
833	-0.0025568
832	-0.0017073
831	0.0030021
830	0.0075433
829	0.0038538
828	-0.003302
827	0.0021599
826	0.0050486
825	0.0039579
824	-0.00031754
823	0.010404
822	0.0040601
821	0.0048542
820	0.004546
819	0.0067929
818	0.0014258
817	0.0080205
816	0.0087793
815	0.0022676
814	0.0034178
813	0.0039271
812	0.0010741
811	0.0036152
810	0.0041544
809	0.0096208
808	-0.0017914
807	0.0053607
806	0.010739
805	0.011638
804	0.0051662
803	0.010106
802	0.0093706
801	0.0011066
800	0.0070822
