H2Oice	G0230
scanned warm and tilted by ~5 deg	
Wavelength (nm)	%T
3300	0.35255
3299	0.93723
3298	0.41471
3297	0.59972
3296	0.59123
3295	0.46348
3294	0.55981
3293	0.3909
3292	0.70788
3291	0.55742
3290	0.5747
3289	0.66188
3288	0.62543
3287	0.45474
3286	0.28555
3285	0.33521
3284	0.49764
3283	0.83081
3282	0.39125
3281	0.49578
3280	0.6185
3279	0.31919
3278	0.64449
3277	0.37249
3276	0.77406
3275	0.44479
3274	0.27701
3273	0.53992
3272	0.30439
3271	0.39918
3270	0.3597
3269	0.46377
3268	0.55646
3267	0.50645
3266	0.27992
3265	0.46295
3264	0.44714
3263	0.30791
3262	0.43211
3261	0.24019
3260	0.60193
3259	0.41239
3258	0.19257
3257	0.28471
3256	0.46578
3255	0.35158
3254	0.13511
3253	0.46371
3252	0.51874
3251	0.38431
3250	0.33
3249	0.48802
3248	0.37481
3247	0.33175
3246	0.24892
3245	0.34584
3244	0.42908
3243	0.65283
3242	0.42652
3241	0.33504
3240	0.37826
3239	0.34006
3238	0.51125
3237	0.38004
3236	0.57756
3235	0.43744
3234	0.54525
3233	0.4153
3232	0.52913
3231	0.36448
3230	0.73123
3229	0.43192
3228	0.52961
3227	0.42659
3226	0.55688
3225	0.48915
3224	0.58573
3223	0.48558
3222	0.50703
3221	0.5005
3220	0.69367
3219	0.54542
3218	0.62261
3217	0.63115
3216	0.68697
3215	0.73898
3214	0.60007
3213	0.74084
3212	0.74843
3211	0.6702
3210	0.7335
3209	0.73338
3208	0.78345
3207	0.86744
3206	0.82284
3205	0.90082
3204	0.95713
3203	0.99283
3202	0.99319
3201	0.9433
3200	0.98054
3199	1.0688
3198	1.0979
3197	1.2214
3196	1.2078
3195	1.262
3194	1.2694
3193	1.3123
3192	1.3963
3191	1.4255
3190	1.4794
3189	1.5601
3188	1.5801
3187	1.7096
3186	1.8014
3185	1.9555
3184	1.8779
3183	2.0024
3182	2.0068
3181	2.294
3180	2.3092
3179	2.3836
3178	2.5195
3177	2.8018
3176	2.8661
3175	3.0979
3174	3.2211
3173	3.3186
3172	3.596
3171	3.797
3170	3.9977
3169	4.2158
3168	4.4205
3167	4.7757
3166	5.0883
3165	5.3746
3164	5.6945
3163	6.1036
3162	6.5402
3161	6.9551
3160	7.3981
3159	7.9421
3158	8.4307
3157	8.9394
3156	9.5625
3155	10.337
3154	11.009
3153	11.716
3152	12.517
3151	13.338
3150	14.344
3149	15.273
3148	16.279
3147	17.429
3146	18.628
3145	19.822
3144	21.039
3143	22.457
3142	23.818
3141	25.355
3140	26.839
3139	28.285
3138	30.004
3137	31.587
3136	33.33
3135	34.997
3134	36.799
3133	38.548
3132	40.31
3131	42.079
3130	43.738
3129	45.556
3128	47.219
3127	48.985
3126	50.603
3125	52.173
3124	53.799
3123	55.213
3122	56.642
3121	57.894
3120	59.158
3119	60.345
3118	61.402
3117	62.385
3116	63.26
3115	64.035
3114	64.699
3113	65.303
3112	65.792
3111	66.254
3110	66.501
3109	66.712
3108	66.921
3107	66.94
3106	66.957
3105	66.877
3104	66.781
3103	66.586
3102	66.391
3101	66.131
3100	65.836
3099	65.571
3098	65.223
3097	64.959
3096	64.619
3095	64.292
3094	63.955
3093	63.664
3092	63.356
3091	63.052
3090	62.807
3089	62.558
3088	62.349
3087	62.194
3086	61.991
3085	61.896
3084	61.8
3083	61.713
3082	61.678
3081	61.733
3080	61.718
3079	61.774
3078	61.843
3077	61.987
3076	62.116
3075	62.285
3074	62.502
3073	62.676
3072	62.903
3071	63.146
3070	63.41
3069	63.688
3068	63.976
3067	64.263
3066	64.576
3065	64.882
3064	65.206
3063	65.555
3062	65.857
3061	66.166
3060	66.5
3059	66.81
3058	67.095
3057	67.395
3056	67.694
3055	67.913
3054	68.173
3053	68.437
3052	68.644
3051	68.887
3050	69.075
3049	69.234
3048	69.37
3047	69.49
3046	69.618
3045	69.735
3044	69.806
3043	69.852
3042	69.897
3041	69.909
3040	69.935
3039	69.947
3038	69.934
3037	69.934
3036	69.858
3035	69.837
3034	69.798
3033	69.724
3032	69.697
3031	69.628
3030	69.557
3029	69.52
3028	69.509
3027	69.435
3026	69.395
3025	69.356
3024	69.332
3023	69.323
3022	69.296
3021	69.301
3020	69.273
3019	69.291
3018	69.251
3017	69.25
3016	69.268
3015	69.24
3014	69.222
3013	69.189
3012	69.134
3011	69.048
3010	68.973
3009	68.861
3008	68.652
3007	68.467
3006	68.229
3005	67.918
3004	67.534
3003	67.129
3002	66.638
3001	66.081
3000	65.454
2999	64.786
2998	63.989
2997	63.12
2996	62.181
2995	61.141
2994	60.04
2993	58.881
2992	57.613
2991	56.275
2990	54.919
2989	53.442
2988	51.921
2987	50.357
2986	48.78
2985	47.072
2984	45.406
2983	43.688
2982	41.934
2981	40.187
2980	38.466
2979	36.715
2978	34.942
2977	33.22
2976	31.517
2975	29.838
2974	28.242
2973	26.653
2972	25.053
2971	23.622
2970	22.153
2969	20.8
2968	19.517
2967	18.234
2966	17.025
2965	15.929
2964	14.871
2963	13.839
2962	12.913
2961	12.039
2960	11.188
2959	10.43
2958	9.685
2957	9.0224
2956	8.3801
2955	7.8114
2954	7.247
2953	6.7312
2952	6.2671
2951	5.8398
2950	5.4366
2949	5.0696
2948	4.7344
2947	4.4007
2946	4.0997
2945	3.829
2944	3.5841
2943	3.3477
2942	3.1311
2941	2.9261
2940	2.7458
2939	2.5634
2938	2.4273
2937	2.2633
2936	2.1423
2935	2.0062
2934	1.8762
2933	1.7752
2932	1.6677
2931	1.5776
2930	1.488
2929	1.4104
2928	1.3376
2927	1.2474
2926	1.196
2925	1.1237
2924	1.0683
2923	1.0043
2922	0.94294
2921	0.9121
2920	0.8641
2919	0.82161
2918	0.79394
2917	0.7602
2916	0.71883
2915	0.68226
2914	0.64691
2913	0.60851
2912	0.59419
2911	0.56618
2910	0.53671
2909	0.50182
2908	0.48649
2907	0.46743
2906	0.44693
2905	0.42358
2904	0.40209
2903	0.39518
2902	0.37687
2901	0.36931
2900	0.34889
2899	0.33689
2898	0.31453
2897	0.30799
2896	0.31053
2895	0.29088
2894	0.27638
2893	0.26823
2892	0.258
2891	0.2458
2890	0.22586
2889	0.24599
2888	0.21926
2887	0.21584
2886	0.21568
2885	0.20012
2884	0.19741
2883	0.19423
2882	0.18294
2881	0.18022
2880	0.17433
2879	0.17355
2878	0.15952
2877	0.16331
2876	0.14609
2875	0.14674
2874	0.13952
2873	0.14176
2872	0.13513
2871	0.13621
2870	0.12521
2869	0.12778
2868	0.12388
2867	0.12268
2866	0.11294
2865	0.11417
2864	0.10877
2863	0.10137
2862	0.10292
2861	0.10391
2860	0.10315
2859	0.090318
2858	0.092108
2857	0.092719
2856	0.087409
2855	0.085803
2854	0.080721
2853	0.07814
2852	0.078735
2851	0.078281
2850	0.0708
2849	0.07856
2848	0.072156
2847	0.077641
2846	0.071274
2845	0.070185
2844	0.063671
2843	0.067144
2842	0.069441
2841	0.058088
2840	0.060559
2839	0.06362
2838	0.059666
2837	0.062121
2836	0.056805
2835	0.050723
2834	0.051608
2833	0.051829
2832	0.052141
2831	0.050339
2830	0.052262
2829	0.044153
2828	0.051619
2827	0.049816
2826	0.051216
2825	0.046852
2824	0.046364
2823	0.047339
2822	0.047407
2821	0.043977
2820	0.047419
2819	0.043886
2818	0.043628
2817	0.044708
2816	0.04239
2815	0.041216
2814	0.043134
2813	0.04255
2812	0.038968
2811	0.03366
2810	0.03777
2809	0.033782
2808	0.041901
2807	0.038301
2806	0.041151
2805	0.033397
2804	0.038736
2803	0.033461
2802	0.035067
2801	0.029155
2800	0.034536
2799	0.031199
2798	0.024247
2797	0.02894
2796	0.034008
2795	0.031411
2794	0.031966
2793	0.031533
2792	0.026737
2791	0.029991
2790	0.031114
2789	0.029112
2788	0.02925
2787	0.026812
2786	0.024633
2785	0.029609
2784	0.02455
2783	0.027195
2782	0.028395
2781	0.033311
2780	0.022482
2779	0.029169
2778	0.024214
2777	0.025146
2776	0.025331
2775	0.019102
2774	0.02787
2773	0.023566
2772	0.027591
2771	0.022559
2770	0.022878
2769	0.026822
2768	0.026299
2767	0.023229
2766	0.018922
2765	0.028511
2764	0.026545
2763	0.021963
2762	0.023682
2761	0.024867
2760	0.018684
2759	0.0255
2758	0.027365
2757	0.016633
2756	0.024698
2755	0.02005
2754	0.027252
2753	0.018868
2752	0.021595
2751	0.020792
2750	0.016115
2749	0.019227
2748	0.023714
2747	0.023662
2746	0.021705
2745	0.02378
2744	0.023523
2743	0.025201
2742	0.02356
2741	0.01942
2740	0.021908
2739	0.022594
2738	0.017231
2737	0.019085
2736	0.018669
2735	0.020877
2734	0.01858
2733	0.02
2732	0.016693
2731	0.022891
2730	0.022838
2729	0.013233
2728	0.020945
2727	0.020782
2726	0.02086
2725	0.017684
2724	0.022323
2723	0.016124
2722	0.016574
2721	0.023154
2720	0.018672
2719	0.02145
2718	0.021612
2717	0.020079
2716	0.021775
2715	0.021496
2714	0.014787
2713	0.019839
2712	0.019914
2711	0.019613
2710	0.018923
2709	0.016471
2708	0.019519
2707	0.023293
2706	0.015556
2705	0.016376
2704	0.021211
2703	0.021067
2702	0.018441
2701	0.019181
2700	0.022775
2699	0.018645
2698	0.014615
2697	0.017926
2696	0.01964
2695	0.01739
2694	0.016064
2693	0.018983
2692	0.015164
2691	0.015109
2690	0.022185
2689	0.016352
2688	0.020174
2687	0.019512
2686	0.012802
2685	0.013167
2684	0.018502
2683	0.017124
2682	0.013366
2681	0.020172
2680	0.015081
2679	0.013331
2678	0.013723
2677	0.018314
2676	0.012758
2675	0.018718
2674	0.011797
2673	0.008515
2672	0.015975
2671	0.013613
2670	0.010888
2669	0.013401
2668	0.010748
2667	0.018062
2666	0.01162
2665	0.012804
2664	0.01317
2663	0.0099419
2662	0.0089206
2661	0.0083584
2660	0.011108
2659	0.010285
2658	0.013699
2657	0.0060829
2656	0.011569
2655	0.011271
2654	0.0076863
2653	0.004999
2652	0.008863
2651	0.012509
2650	0.00855
2649	0.0097667
2648	0.01077
2647	0.011294
2646	0.011046
2645	0.0039215
2644	0.0037647
2643	0.0063193
2642	0.010632
2641	0.011673
2640	0.0031336
2639	0.0037588
2638	0.010606
2637	0.0064125
2636	0.0042439
2635	0.004031
2634	0.010493
2633	0.010653
2632	0.0087717
2631	0.004778
2630	0.007172
2629	0.0095775
2628	0.010462
2627	0.0063441
2626	0.0065513
2625	0.0084877
2624	0.0086507
2623	0.0075057
2622	0.0054485
2621	0.0077987
2620	0.0033043
2619	0.010453
2618	0.0084043
2617	0.002363
2616	0.0066596
2615	0.0071304
2614	0.004577
2613	0.0081669
2612	0.0022828
2611	0.010956
2610	0.0067981
2609	0.0093819
2608	0.0094439
2607	0.0088395
2606	0.0087043
2605	0.0042248
2604	0.0043444
2603	0.0085503
2602	0.01082
2601	0.0053288
2600	0.012108
2599	0.0011289
2598	0.0070983
2597	0.0087693
2596	0.0015302
2595	0.0075114
2594	0.011574
2593	0.0074264
2592	0.0075124
2591	0.00873
2590	0.011199
2589	0.0091002
2588	0.004526
2587	0.0055702
2586	0.0055043
2585	0.0066265
2584	0.0098962
2583	0.010294
2582	0.0088609
2581	0.0085339
2580	0.0049676
2579	0.011457
2578	0.0054536
2577	0.005542
2576	0.0046414
2575	0.006597
2574	0.012515
2573	0.010341
2572	0.0044826
2571	0.011
2570	0.0055054
2569	0.0086252
2568	0.0075008
2567	0.010552
2566	0.0051242
2565	0.0094984
2564	0.0048019
2563	0.0054836
2562	0.0058558
2561	0.0054474
2560	0.010339
2559	0.0037945
2558	0.010935
2557	0.0068723
2556	0.0073515
2555	0.0092144
2554	-0.0009399
2553	0.0090882
2552	0.0070502
2551	0.0055015
2550	0.0054975
2549	0.008981
2548	0.0035552
2547	0.0082462
2546	0.0076638
2545	0.0099367
2544	0.005829
2543	0.010661
2542	0.0084204
2541	0.0095793
2540	0.0065199
2539	0.0085433
2538	0.0081382
2537	0.0098127
2536	0.010166
2535	0.0072012
2534	0.017619
2533	0.0090462
2532	0.011073
2531	0.005663
2530	0.0064784
2529	0.0076892
2528	0.016316
2527	0.0091236
2526	0.0053884
2525	0.010108
2524	0.011544
2523	0.014395
2522	0.015117
2521	0.0088959
2520	0.014728
2519	0.013588
2518	0.013516
2517	0.01595
2516	0.015071
2515	0.017907
2514	0.012755
2513	0.016683
2512	0.020743
2511	0.021913
2510	0.025857
2509	0.023442
2508	0.023413
2507	0.028068
2506	0.0164
2505	0.025576
2504	0.033317
2503	0.024908
2502	0.027195
2501	0.029723
2500	0.031799
2499	0.027823
2498	0.031209
2497	0.032556
2496	0.039933
2495	0.040242
2494	0.033595
2493	0.039597
2492	0.042586
2491	0.04308
2490	0.040379
2489	0.04183
2488	0.04369
2487	0.043908
2486	0.046109
2485	0.039678
2484	0.044929
2483	0.038312
2482	0.039931
2481	0.044579
2480	0.036952
2479	0.039545
2478	0.0347
2477	0.03721
2476	0.040001
2475	0.04099
2474	0.031974
2473	0.033093
2472	0.029508
2471	0.030768
2470	0.026806
2469	0.026126
2468	0.030462
2467	0.020714
2466	0.027129
2465	0.021655
2464	0.023087
2463	0.024176
2462	0.024927
2461	0.021459
2460	0.022951
2459	0.020183
2458	0.022217
2457	0.018857
2456	0.017566
2455	0.016736
2454	0.023812
2453	0.009363
2452	0.011167
2451	0.018563
2450	0.0098963
2449	0.016985
2448	0.010545
2447	0.012584
2446	0.012482
2445	0.017034
2444	0.0083061
2443	0.0095685
2442	0.012996
2441	0.013168
2440	0.012523
2439	0.017801
2438	0.014101
2437	0.016674
2436	0.0097736
2435	0.015383
2434	0.0059416
2433	0.0071417
2432	0.017572
2431	0.012269
2430	0.01069
2429	0.011161
2428	0.0060122
2427	0.016108
2426	0.0086224
2425	0.013527
2424	0.0076654
2423	0.012999
2422	0.0157
2421	0.0095601
2420	0.017006
2419	0.0060947
2418	0.0099853
2417	0.0084938
2416	0.0085523
2415	0.0073047
2414	0.0124
2413	0.011791
2412	0.0094246
2411	0.014622
2410	0.011911
2409	0.011723
2408	0.0095169
2407	0.016924
2406	0.012159
2405	0.013752
2404	0.0079247
2403	0.0098733
2402	0.0099163
2401	0.010505
2400	0.012305
2399	0.014523
2398	0.011913
2397	0.014617
2396	0.009426
2395	0.0097474
2394	0.012945
2393	0.0058115
2392	0.0044039
2391	0.014743
2390	0.008504
2389	0.014029
2388	0.013342
2387	0.012678
2386	0.0097717
2385	0.01145
2384	0.012228
2383	0.0056347
2382	0.0093249
2381	0.0090713
2380	0.012673
2379	0.0056939
2378	0.010646
2377	0.0056107
2376	0.01561
2375	0.0091071
2374	0.0094608
2373	0.010075
2372	0.0088138
2371	0.016987
2370	0.009091
2369	0.016599
2368	0.0071139
2367	0.0088319
2366	0.011823
2365	0.010872
2364	0.0048013
2363	0.005742
2362	0.011072
2361	0.015772
2360	0.010953
2359	0.01345
2358	0.010795
2357	0.0084426
2356	0.010561
2355	0.0087725
2354	0.010998
2353	0.010268
2352	0.009548
2351	0.010426
2350	0.011367
2349	0.0085658
2348	0.012297
2347	0.010368
2346	0.0079953
2345	0.013482
2344	0.0099662
2343	0.0080366
2342	0.0047241
2341	0.0053023
2340	0.0020268
2339	0.0080492
2338	0.0031626
2337	0.0080582
2336	0.0099375
2335	0.0082612
2334	0.0049199
2333	0.0084667
2332	0.0010722
2331	0.01139
2330	0.0057449
2329	0.0087242
2328	0.006619
2327	0.004126
2326	0.012396
2325	0.0095991
2324	0.002316
2323	0.0060032
2322	0.0074033
2321	0.0010247
2320	0.0081196
2319	0.0078052
2318	0.0060329
2317	0.0050072
2316	0.0085899
2315	0.009692
2314	0.0023452
2313	0.0019748
2312	0.0038154
2311	0.0054298
2310	0.0062856
2309	0.0081393
2308	0.0082192
2307	0.0029648
2306	0.0076075
2305	0.0088472
2304	0.0047786
2303	0.0065724
2302	-0.00061572
2301	0.0057628
2300	0.0077224
2299	0.0069953
2298	0.0029102
2297	0.0025878
2296	0.0066757
2295	0.0038554
2294	0.003896
2293	0.0063853
2292	0.0063652
2291	0.011891
2290	0.0070564
2289	-0.0027544
2288	0.0048708
2287	0.0082495
2286	0.010041
2285	0.0066263
2284	0.0068123
2283	0.0088094
2282	0.0056293
2281	0.010995
2280	0.0059117
2279	0.0059974
2278	0.0052592
2277	0.0091174
2276	0.0027201
2275	0.010524
2274	0.0091731
2273	0.0086738
2272	0.0068043
2271	0.0014984
2270	0.0043311
2269	0.0035813
2268	0.01097
2267	0.0061903
2266	0.0058415
2265	0.0054417
2264	0.010078
2263	0.0026237
2262	0.004155
2261	0.0039416
2260	0.0050622
2259	0.0018403
2258	0.0018399
2257	0.0060815
2256	0.0057254
2255	0.0046127
2254	0.0044922
2253	0.0038507
2252	0.0045678
2251	0.0073347
2250	0.0032136
2249	0.0075835
2248	0.0011064
2247	0.008049
2246	0.007014
2245	-0.00091428
2244	0.0035234
2243	0.010123
2242	0.0061554
2241	-0.00083619
2240	0.0083832
2239	0.0061171
2238	0.0045041
2237	0.014139
2236	0.002284
2235	0.0079542
2234	0.0088061
2233	0.006503
2232	0.0037015
2231	0.0085015
2230	0.0077816
2229	0.0026883
2228	0.0068547
2227	0.0045554
2226	0.0076525
2225	0.00068241
2224	0.0038015
2223	-0.00026412
2222	0.0029678
2221	0.0033945
2220	0.0057281
2219	0.0051254
2218	0.0053755
2217	0.0033088
2216	0.0092373
2215	0.0075725
2214	0.0072263
2213	0.0002544
2212	0.0075171
2211	0.0044983
2210	0.0079152
2209	0.0088288
2208	0.0024558
2207	0.0087336
2206	0.0033078
2205	0.0062808
2204	0.0052748
2203	0.0051757
2202	0.011083
2201	0.0041154
2200	0.0068123
2199	0.0027073
2198	0.0067208
2197	0.0084702
2196	0.0057867
2195	0.0046799
2194	0.006893
2193	0.010031
2192	0.0026726
2191	0.0069198
2190	0.0069308
2189	0.0039281
2188	0.0047593
2187	0.0042707
2186	0.0084415
2185	0.0066355
2184	0.00992
2183	0.0032917
2182	0.008123
2181	0.005139
2180	0.0063389
2179	0.011564
2178	0.01052
2177	0.0065443
2176	0.0048039
2175	0.0074241
2174	0.0065919
2173	0.0069124
2172	0.0046778
2171	0.0044798
2170	0.0067225
2169	0.0076776
2168	0.0030714
2167	0.00585
2166	0.0049763
2165	0.0056766
2164	0.0061889
2163	0.0074068
2162	0.0056403
2161	0.003229
2160	0.011659
2159	0.0062309
2158	0.011074
2157	0.010976
2156	0.0052582
2155	0.0023537
2154	0.0045168
2153	0.0084943
2152	0.013494
2151	0.009682
2150	0.0045182
2149	0.012022
2148	0.0069324
2147	0.0053278
2146	0.010479
2145	0.0050276
2144	0.0093081
2143	0.013899
2142	0.011713
2141	0.0030147
2140	0.0077611
2139	0.0097342
2138	0.0019462
2137	0.00060858
2136	0.0073037
2135	0.0096849
2134	0.0049749
2133	0.008111
2132	0.0061814
2131	0.0077487
2130	0.0021595
2129	0.0047571
2128	0.0018188
2127	0.0068948
2126	0.0093346
2125	0.0066349
2124	0.010215
2123	0.0089525
2122	-0.0015947
2121	0.0023043
2120	0.0054142
2119	0.0075539
2118	0.0067898
2117	0.0066744
2116	0.0093084
2115	0.010754
2114	0.0014682
2113	0.0065406
2112	0.010467
2111	0.001864
2110	0.0031125
2109	0.0050485
2108	0.0030474
2107	0.012428
2106	0.0013979
2105	0.0027209
2104	0.0087064
2103	0.009111
2102	0.003703
2101	0.0085834
2100	0.0022557
2099	0.0078156
2098	0.0048683
2097	0.0082711
2096	0.0028303
2095	0.011227
2094	0.0077669
2093	0.0027687
2092	0.010045
2091	0.0051501
2090	0.0064615
2089	0.0074074
2088	0.0066729
2087	0.0019509
2086	0.0014405
2085	0.010637
2084	0.010791
2083	0.0096428
2082	0.0049493
2081	0.0072189
2080	0.0074792
2079	0.0090494
2078	0.0059631
2077	0.0045239
2076	0.012979
2075	0.0057949
2074	0.0018759
2073	0.0093523
2072	0.006009
2071	0.0077719
2070	0.011267
2069	0.0081129
2068	0.0062014
2067	0.0078679
2066	0.0049135
2065	0.0079481
2064	0.0070215
2063	0.012389
2062	0.011549
2061	0.0078126
2060	0.0093594
2059	0.0080863
2058	0.0069716
2057	0.0039927
2056	0.012872
2055	0.0053885
2054	0.0080275
2053	0.010096
2052	0.0068994
2051	0.00087004
2050	0.0071316
2049	0.0097256
2048	0.011337
2047	0.006984
2046	0.010052
2045	0.0084578
2044	0.0074243
2043	0.0090978
2042	0.0080875
2041	0.0054678
2040	0.0081496
2039	0.010127
2038	0.0069279
2037	0.0080031
2036	0.010014
2035	0.0084856
2034	0.0083488
2033	0.011668
2032	0.0018299
2031	0.0092683
2030	0.00075662
2029	0.0049409
2028	0.001116
2027	0.0069867
2026	0.0073493
2025	0.011696
2024	0.0096617
2023	0.0064463
2022	0.0054649
2021	0.0054341
2020	0.012882
2019	0.0099901
2018	-0.0016245
2017	0.0058179
2016	0.0031401
2015	0.011394
2014	0.0061907
2013	0.011748
2012	0.0073024
2011	0.0066717
2010	0.0062691
2009	0.0039679
2008	0.0048132
2007	0.0072274
2006	0.0054018
2005	0.0098494
2004	0.009593
2003	0.0029979
2002	0.0046733
2001	0.007879
2000	0.0094271
1999	0.0080884
1998	0.0046361
1997	0.0085467
1996	0.0080038
1995	0.0056394
1994	0.0066278
1993	0.0071214
1992	0.0036715
1991	0.0058846
1990	0.0034342
1989	0.0051012
1988	0.0060463
1987	0.0096153
1986	0.0061708
1985	0.0016728
1984	0.0061202
1983	0.0057022
1982	0.0068885
1981	0.010054
1980	0.0021319
1979	0.0034145
1978	0.011183
1977	0.0086683
1976	0.0075415
1975	0.0082055
1974	0.007036
1973	0.0017796
1972	0.0021185
1971	0.0030218
1970	0.0053538
1969	0.005231
1968	0.0079579
1967	0.0058265
1966	0.0090309
1965	0.0077368
1964	0.0051302
1963	0.011018
1962	0.0079061
1961	0.00097483
1960	0.0018091
1959	0.0080457
1958	0.009685
1957	0.0017822
1956	0.0077038
1955	0.0073158
1954	0.0018667
1953	0.006934
1952	0.002226
1951	0.0073379
1950	0.0095989
1949	0.0065948
1948	0.0061459
1947	0.0042986
1946	0.0064495
1945	0.0093617
1944	0.0051492
1943	0.0073332
1942	0.0091365
1941	0.005244
1940	-0.0016623
1939	0.0054816
1938	0.0041282
1937	0.0018169
1936	0.0074298
1935	0.0047793
1934	0.0051543
1933	0.0029443
1932	0.0010843
1931	0.0063466
1930	0.0073073
1929	0.0049296
1928	0.0072079
1927	0.0040343
1926	0.0041766
1925	0.0061364
1924	0.0025722
1923	0.0029381
1922	0.0018206
1921	0.0032864
1920	0.003115
1919	0.010305
1918	-0.0024435
1917	0.0076468
1916	0.012033
1915	-0.00018947
1914	0.0042493
1913	0.0058175
1912	0.0061934
1911	0.011202
1910	0.0075539
1909	0.0071471
1908	-0.00093989
1907	0.0065759
1906	0.007897
1905	0.012156
1904	0.0011022
1903	0.01149
1902	0.0050752
1901	0.0034441
1900	0.0095474
1899	0.0083905
1898	0.0084965
1897	0.0072592
1896	0.0053112
1895	0.0042284
1894	0.0052189
1893	0.0028457
1892	0.0027072
1891	0.0077771
1890	0.011978
1889	0.0060275
1888	0.0054204
1887	0.004477
1886	0.0029875
1885	0.0040503
1884	0.0092091
1883	0.010696
1882	0.0074872
1881	0.0071892
1880	0.0022165
1879	0.0029178
1878	0.0049688
1877	0.0085358
1876	0.0064729
1875	0.0088475
1874	0.003742
1873	0.0041555
1872	0.003716
1871	0.0077987
1870	0.0057322
1869	0.0076048
1868	0.0048685
1867	0.0074907
1866	0.0072895
1865	0.007176
1864	0.010042
1863	0.00538
1862	0.0049592
1861	0.0042157
1860	0.0089041
1859	0.005007
1858	0.0037574
1857	0.0091704
1856	0.0080229
1855	0.012457
1854	0.012248
1853	-0.0032209
1852	0.0044116
1851	0.0061567
1850	0.0033147
1849	0.0097775
1848	0.005175
1847	0.010937
1846	0.0044623
1845	0.0025793
1844	0.0079879
1843	0.011058
1842	0.0063594
1841	0.0070114
1840	0.0092086
1839	0.0084665
1838	0.0030064
1837	0.0073951
1836	0.011604
1835	0.0028933
1834	0.014004
1833	0.0081338
1832	0.006694
1831	0.0057099
1830	0.0093929
1829	0.0061255
1828	0.0078795
1827	0.0029055
1826	0.0045567
1825	0.010427
1824	0.0087298
1823	0.0038594
1822	0.0086814
1821	0.0085709
1820	0.012172
1819	0.0073659
1818	0.0034425
1817	0.013424
1816	0.0058357
1815	0.002135
1814	0.0085408
1813	0.0057808
1812	0.0089845
1811	0.0062011
1810	0.0049591
1809	0.0065797
1808	0.0066146
1807	0.0064875
1806	0.013742
1805	0.0042453
1804	0.0019267
1803	0.0081879
1802	0.00098813
1801	0.0054601
1800	0.0076989
1799	0.0030581
1798	0.0044055
1797	0.0054137
1796	0.0061007
1795	0.0064708
1794	0.0016825
1793	0.0061288
1792	0.010702
1791	0.0094599
1790	0.0039776
1789	0.0060925
1788	0.0083984
1787	0.0097685
1786	0.00021545
1785	-0.00072532
1784	0.0083658
1783	0.0022568
1782	0.0097225
1781	0.009239
1780	0.0054744
1779	0.0024351
1778	0.009617
1777	0.0079739
1776	0.0063054
1775	0.004924
1774	0.0051533
1773	0.0080926
1772	0.0098047
1771	0.0074433
1770	0.00184
1769	0.0077368
1768	0.0026637
1767	0.0054464
1766	0.0045915
1765	0.011544
1764	0.0091936
1763	0.0072617
1762	0.0073521
1761	0.0092922
1760	0.0033349
1759	0.0020172
1758	0.0078232
1757	0.0098667
1756	0.010245
1755	0.0048147
1754	0.007618
1753	0.0054087
1752	0.0058069
1751	0.0054167
1750	0.0053839
1749	0.0053654
1748	0.012535
1747	0.0084142
1746	0.0088885
1745	0.0018649
1744	0.0078155
1743	0.0049091
1742	0.0085763
1741	0.0060115
1740	0.0087766
1739	0.00066321
1738	0.0090041
1737	0.0051671
1736	0.004268
1735	0.011123
1734	0.0073196
1733	0.0013455
1732	0.0090467
1731	0.0018088
1730	0.0070507
1729	0.0037798
1728	0.0097888
1727	0.0074064
1726	0.0066023
1725	0.011431
1724	0.00025087
1723	0.0084453
1722	0.0045454
1721	0.0090318
1720	0.010405
1719	0.013023
1718	0.0030366
1717	0.0080242
1716	0.0015999
1715	0.0084548
1714	0.0032938
1713	0.0083657
1712	0.0078212
1711	0.0057233
1710	0.0038444
1709	-0.00090403
1708	0.01014
1707	0.00085361
1706	-0.00063866
1705	0.0016292
1704	0.0090437
1703	0.0038313
1702	0.0085494
1701	0.0076718
1700	0.0042067
1699	0.006298
1698	0.00012856
1697	0.0026037
1696	0.0048996
1695	0.001661
1694	0.0080031
1693	0.00097703
1692	0.0027226
1691	0.0046512
1690	0.0056943
1689	0.006994
1688	0.0079407
1687	0.010314
1686	0.0028446
1685	0.0086827
1684	0.011322
1683	0.0032974
1682	0.011176
1681	0.010476
1680	0.012261
1679	0.007324
1678	0.0022097
1677	0.01342
1676	0.007398
1675	0.0033504
1674	0.0064565
1673	0.010393
1672	0.0085757
1671	0.005244
1670	0.0039941
1669	0.009239
1668	0.0059277
1667	0.0087997
1666	0.0076541
1665	0.011174
1664	0.0098676
1663	0.0070944
1662	0.0020939
1661	0.0061955
1660	0.0077473
1659	0.0085458
1658	0.010565
1657	0.0066631
1656	0.010072
1655	0.007037
1654	0.011674
1653	0.001063
1652	0.0037915
1651	0.0026222
1650	0.0090769
1649	0.0056714
1648	0.010806
1647	0.0023663
1646	0.0055031
1645	0.013352
1644	0.0031241
1643	0.0096575
1642	0.010283
1641	0.0046635
1640	0.0029875
1639	0.0054125
1638	0.0097037
1637	0.0053747
1636	0.0058266
1635	0.0050249
1634	0.0069384
1633	0.0075322
1632	0.011433
1631	0.0035019
1630	0.0032341
1629	0.0068154
1628	0.0072572
1627	0.0071416
1626	0.0053059
1625	-0.0015749
1624	0.0077293
1623	0.0051428
1622	0.0071132
1621	0.0065317
1620	0.0076718
1619	0.010161
1618	0.0073472
1617	0.0012698
1616	0.0069684
1615	0.0081313
1614	0.0049408
1613	0.0094407
1612	0.0085498
1611	0.0018775
1610	0.010109
1609	0.0085541
1608	0.0056179
1607	0.0033804
1606	0.0043791
1605	0.0046341
1604	0.0025532
1603	0.0017362
1602	0.0097716
1601	0.0083362
1600	0.010708
1599	0.0057735
1598	-0.00039124
1597	0.0013886
1596	0.0097277
1595	0.0063664
1594	0.010133
1593	0.0041874
1592	0.0065424
1591	0.0075774
1590	0.0098328
1589	0.0038813
1588	0.010887
1587	0.0035697
1586	0.0026487
1585	0.0092771
1584	0.0061332
1583	0.0061522
1582	0.003178
1581	0.0030859
1580	0.0091156
1579	-0.0018999
1578	0.0086014
1577	0.0061585
1576	0.0067506
1575	0.0076012
1574	0.0053324
1573	0.0049142
1572	0.0093505
1571	0.002683
1570	0.006233
1569	0.0065247
1568	0.0085304
1567	0.0050706
1566	0.0088185
1565	0.0030751
1564	0.0025452
1563	0.0098171
1562	0.0087727
1561	0.0074163
1560	0.0053993
1559	0.010974
1558	0.0064944
1557	0.0082203
1556	0.0084727
1555	0.0074532
1554	0.0055215
1553	0.0036309
1552	0.0060776
1551	0.0035875
1550	0.0044016
1549	0.0037568
1548	0.00068472
1547	0.0070782
1546	0.0061123
1545	0.0078127
1544	0.0040404
1543	0.0052487
1542	0.010855
1541	0.0042586
1540	0.0064005
1539	0.0055427
1538	0.0062779
1537	0.0030729
1536	0.0066538
1535	0.0080971
1534	0.0070143
1533	0.0048473
1532	0.0068598
1531	0.010549
1530	0.0022297
1529	0.0082788
1528	0.0045944
1527	0.0019804
1526	0.0052913
1525	0.0068619
1524	0.004968
1523	0.006512
1522	0.0054898
1521	0.0074393
1520	0.0045183
1519	0.0106
1518	0.0053342
1517	0.0062431
1516	0.0073367
1515	0.005824
1514	0.0095687
1513	0.0053608
1512	0.0081201
1511	0.0057431
1510	0.0066205
1509	0.0049676
1508	0.0073507
1507	0.0037472
1506	0.00014863
1505	0.0072849
1504	0.010933
1503	0.0043016
1502	0.0081098
1501	0.0077217
1500	0.0063744
1499	0.0038441
1498	0.0033964
1497	0.0040398
1496	0.0047187
1495	0.010918
1494	0.0025537
1493	0.0069162
1492	0.0057121
1491	0.0061918
1490	0.0021374
1489	0.0057051
1488	0.0057291
1487	0.0058617
1486	0.0078385
1485	0.002962
1484	0.0064621
1483	0.0029967
1482	0.0020903
1481	0.0056154
1480	0.0018967
1479	0.0045694
1478	0.0070158
1477	0.0033071
1476	0.0018975
1475	0.0019126
1474	0.0060542
1473	0.0069945
1472	0.0015078
1471	0.0063281
1470	0.0047523
1469	0.0097708
1468	0.0025187
1467	0.0077133
1466	0.011333
1465	0.0019791
1464	0.006512
1463	0.0054568
1462	0.0071693
1461	0.010045
1460	0.0032882
1459	0.0044734
1458	0.0096966
1457	0.0080876
1456	0.0096532
1455	0.008371
1454	0.0088759
1453	0.0054109
1452	0.0076352
1451	0.0089921
1450	0.0096138
1449	0.0077083
1448	0.0061145
1447	0.0044631
1446	0.0053507
1445	0.0037807
1444	0.0079926
1443	0.0058549
1442	0.0021008
1441	0.01284
1440	0.0087113
1439	0.0012556
1438	0.0045733
1437	0.0059609
1436	0.0037019
1435	0.010454
1434	0.004221
1433	0.0032807
1432	0.011633
1431	0.0065299
1430	0.002129
1429	0.0069943
1428	0.0049295
1427	0.0077998
1426	0.010039
1425	0.002797
1424	0.0047626
1423	0.0064387
1422	0.0020261
1421	0.011966
1420	0.0052447
1419	0.0083676
1418	0.0014553
1417	0.0048569
1416	0.0056781
1415	0.01166
1414	0.007383
1413	0.0040122
1412	0.0039836
1411	0.0076799
1410	0.0049431
1409	0.0082089
1408	0.0032491
1407	0.0046109
1406	0.00092931
1405	0.010028
1404	0.0027983
1403	0.0097553
1402	0.0093193
1401	0.01161
1400	0.0086607
1399	0.0030634
1398	0.005931
1397	0.011508
1396	0.0030919
1395	0.0098172
1394	0.0041941
1393	0.0076065
1392	0.0074338
1391	0.008964
1390	0.0086804
1389	0.012804
1388	0.004117
1387	0.0072366
1386	0.0099681
1385	0.0041463
1384	0.0083764
1383	0.0074081
1382	0.0074651
1381	0.010103
1380	0.0039661
1379	0.011525
1378	0.007165
1377	0.01028
1376	0.0056151
1375	0.0043044
1374	0.0091256
1373	0.0087585
1372	0.010681
1371	0.0040934
1370	0.0030232
1369	0.0073893
1368	0.0050753
1367	0.0085018
1366	0.0074947
1365	0.0040912
1364	0.0065889
1363	0.0036126
1362	0.009867
1361	0.0055175
1360	0.0030208
1359	0.006099
1358	-0.00021821
1357	0.010401
1356	0.0052493
1355	0.0040922
1354	0.007001
1353	0.0070759
1352	0.009206
1351	0.0015492
1350	0.0058416
1349	0.003632
1348	0.012134
1347	0.0096265
1346	0.0061072
1345	0.0042559
1344	0.0099667
1343	0.0035953
1342	0.0065781
1341	0.0071095
1340	0.011567
1339	0.0038087
1338	0.0055337
1337	0.0094445
1336	0.006557
1335	0.0064741
1334	0.0074288
1333	0.0080783
1332	0.0097433
1331	0.0029087
1330	0.0064426
1329	0.0080829
1328	0.0058141
1327	0.0018449
1326	0.0081949
1325	0.0054047
1324	0.0082809
1323	0.010129
1322	0.010556
1321	0.005632
1320	0.0040205
1319	0.0084153
1318	0.0046065
1317	0.0026967
1316	0.0061203
1315	0.0065261
1314	0.0076837
1313	0.01088
1312	0.0060615
1311	0.011835
1310	0.0055044
1309	0.0056074
1308	0.009428
1307	0.0062042
1306	0.0025507
1305	0.0057983
1304	0.0060298
1303	0.0057514
1302	0.0025066
1301	0.0049042
1300	0.0035323
1299	0.0027683
1298	0.0081116
1297	0.0065061
1296	0.0048975
1295	0.011795
1294	0.010217
1293	0.00059726
1292	0.0057135
1291	0.011043
1290	0.0067822
1289	0.0051912
1288	0.0023978
1287	0.00035458
1286	0.0044512
1285	0.0060546
1284	0.0039345
1283	0.0093202
1282	0.004961
1281	0.0051934
1280	0.0054008
1279	0.005691
1278	0.0073256
1277	0.0063833
1276	0.011938
1275	0.006613
1274	0.0079144
1273	0.008173
1272	0.007385
1271	0.0038016
1270	0.0084036
1269	0.0081402
1268	0.0060982
1267	0.0078726
1266	0.0097039
1265	0.0078553
1264	0.0068624
1263	0.0078657
1262	0.0043735
1261	0.0076765
1260	0.0034691
1259	0.0026711
1258	0.011684
1257	0.0030532
1256	0.0062972
1255	0.010823
1254	0.010783
1253	0.0040052
1252	0.005144
1251	0.0055966
1250	0.0095582
1249	0.009526
1248	-0.0025911
1247	0.0073409
1246	0.0044513
1245	0.0082562
1244	0.0052224
1243	0.0063078
1242	0.0061122
1241	0.009085
1240	0.0087141
1239	0.0075708
1238	0.0045134
1237	0.0063154
1236	0.003869
1235	0.0063387
1234	0.0066083
1233	0.0092776
1232	0.0074459
1231	0.0043887
1230	0.0032595
1229	0.0089364
1228	0.0045547
1227	0.0076462
1226	0.00041185
1225	0.0059398
1224	0.0048714
1223	0.0072147
1222	0.0060761
1221	0.00043458
1220	0.0047448
1219	0.0060098
1218	0.0059486
1217	0.0075386
1216	0.0054552
1215	0.0092863
1214	0.0053424
1213	0.0019034
1212	0.0067333
1211	0.0019916
1210	0.0065567
1209	0.001103
1208	0.0093656
1207	0.0038828
1206	0.0060166
1205	0.0062611
1204	0.0019388
1203	0.0044465
1202	0.007873
1201	0.0097726
1200	0.0057724
1199	0.0057958
1198	0.0048945
1197	0.0034878
1196	0.0098265
1195	0.0061821
1194	0.0053278
1193	0.007447
1192	0.0089084
1191	0.0019242
1190	0.001765
1189	0.0070066
1188	0.0049379
1187	0.0037644
1186	0.0076499
1185	0.0078033
1184	0.011408
1183	0.0080397
1182	-0.0018359
1181	0.013758
1180	0.003
1179	0.011697
1178	0.0066555
1177	0.0079687
1176	0.0050147
1175	0.010001
1174	0.0036881
1173	0.0014587
1172	0.0026277
1171	0.0057889
1170	0.0066262
1169	0.0068705
1168	0.0077005
1167	0.0038373
1166	0.0080866
1165	0.0050466
1164	0.0097496
1163	-0.00085309
1162	0.0087573
1161	0.0090645
1160	0.0045625
1159	0.0081213
1158	0.010811
1157	0.0081706
1156	0.010766
1155	0.0065138
1154	0.0032797
1153	0.0026544
1152	0.002853
1151	0.0057284
1150	0.0065126
1149	0.0057198
1148	0.0081284
1147	0.0024055
1146	-0.0015404
1145	0.00729
1144	0.0037595
1143	0.01256
1142	0.0028869
1141	0.0037668
1140	0.0070412
1139	0.003736
1138	0.0077466
1137	0.0050129
1136	0.0038463
1135	0.0036752
1134	0.011776
1133	0.0037128
1132	0.0075132
1131	0.0036877
1130	0.0071651
1129	0.007656
1128	0.0074855
1127	0.0093963
1126	0.0046661
1125	0.0061908
1124	0.0098485
1123	0.0014074
1122	0.0065122
1121	0.0033879
1120	0.011082
1119	0.0084965
1118	0.0069212
1117	0.0054803
1116	0.0096657
1115	0.0054336
1114	0.0028364
1113	0.0040237
1112	0.005436
1111	0.0053462
1110	0.008515
1109	0.0042771
1108	0.0074259
1107	0.0024832
1106	0.0084631
1105	0.0088302
1104	0.0033927
1103	0.0097551
1102	0.0078513
1101	0.0052849
1100	0.0082377
1099	0.0028606
1098	0.0025275
1097	0.011096
1096	0.0065868
1095	-0.00078324
1094	0.011743
1093	0.0071368
1092	0.010018
1091	0.0061893
1090	0.010911
1089	0.0021527
1088	0.0045543
1087	0.0057199
1086	0.0085462
1085	0.007358
1084	0.0097889
1083	0.0089903
1082	0.0093741
1081	0.0048511
1080	0.0086013
1079	0.0029008
1078	0.0069831
1077	0.0075115
1076	0.008669
1075	0.004678
1074	0.0028902
1073	0.0079466
1072	0.0010101
1071	0.0069312
1070	0.0064655
1069	0.0032138
1068	0.0062236
1067	0.0052677
1066	0.00059134
1065	0.0064281
1064	0.0066508
1063	0.0061318
1062	0.014068
1061	0.0055863
1060	0.0018698
1059	0.0069708
1058	0.0052392
1057	0.00088506
1056	0.0033422
1055	0.0056102
1054	0.010129
1053	0.0069477
1052	0.0079946
1051	0.0089251
1050	0.0089087
1049	0.010071
1048	0.010585
1047	0.0060674
1046	0.0087471
1045	0.0036689
1044	0.004008
1043	0.0072802
1042	0.0020125
1041	0.0093893
1040	0.013322
1039	0.0032926
1038	0.0040666
1037	0.0028726
1036	0.0044218
1035	0.0050129
1034	0.0055405
1033	0.0050778
1032	0.010936
1031	0.0026124
1030	0.0070182
1029	0.010629
1028	0.0038795
1027	0.0079338
1026	0.0084636
1025	0.010858
1024	0.011033
1023	0.0069211
1022	0.0060957
1021	0.0061118
1020	0.0049944
1019	0.011258
1018	0.0045182
1017	0.0049857
1016	0.0085281
1015	0.0054721
1014	0.0026228
1013	0.0070114
1012	0.0067492
1011	0.0079623
1010	0.0066383
1009	0.012545
1008	0.004577
1007	0.0033376
1006	0.01046
1005	0.010163
1004	0.0020446
1003	0.0094941
1002	0.0074661
1001	0.0057371
1000	0.0062273
999	0.0048441
998	0.0025886
997	0.0069759
996	0.010996
995	0.0075433
994	0.0047459
993	0.0067881
992	0.0031405
991	0.0085495
990	0.0046412
989	0.0058365
988	0.011297
987	0.008144
986	0.0041974
985	0.0086242
984	0.0073536
983	0.0058784
982	0.0096942
981	0.002607
980	0.0026159
979	0.0034206
978	0.0053689
977	0.010991
976	0.0074319
975	0.0033547
974	0.010467
973	0.0077874
972	0.006273
971	0.006522
970	0.0098315
969	0.0074171
968	0.0073991
967	0.0041883
966	0.0066144
965	0.0093116
964	0.0051076
963	0.0047726
962	0.0065809
961	0.00082188
960	0.0066074
959	0.0061129
958	0.001581
957	0.0061331
956	0.0065829
955	-0.0042837
954	0.0062448
953	0.0022956
952	0.0066743
951	0.0037667
950	0.0075126
949	0.0042794
948	0.0057772
947	0.0041921
946	0.0050629
945	0.0087672
944	0.0028257
943	0.0080317
942	0.0068159
941	0.004492
940	0.0097749
939	0.0066809
938	0.010456
937	0.0036298
936	0.0043531
935	0.0070338
934	0.0045262
933	0.010682
932	0.003304
931	0.0030874
930	0.011515
929	0.0056475
928	0.005018
927	0.0055145
926	0.0059039
925	0.0067029
924	0.0043925
923	0.0067159
922	0.0022904
921	0.004964
920	0.0063668
919	0.0093681
918	0.0045194
917	-0.00037573
916	0.011309
915	0.0049169
914	0.0067512
913	0.012852
912	0.0025093
911	0.0091983
910	0.0085439
909	0.010962
908	0.0049267
907	0.0099549
906	0.010455
905	-0.00061943
904	0.0096287
903	0.0061406
902	0.0069622
901	0.011197
900	0.0061346
899	0.0053674
898	0.0096556
897	0.0061193
896	0.0078537
895	0.0067243
894	0.004662
893	0.0038723
892	0.0055061
891	0.0099164
890	0.0098675
889	0.0044654
888	0.013426
887	0.0092639
886	0.011241
885	0.0058343
884	0.01145
883	0.0099948
882	0.006684
881	0.0013091
880	0.0039491
879	0.0068327
878	0.0050315
877	0.0031657
876	0.009986
875	0.0096834
874	0.0087172
873	0.0058574
872	0.0048401
871	0.0090029
870	0.010334
869	0.0070993
868	0.0047317
867	0.0059231
866	0.0089172
865	0.0026479
864	0.0067598
863	0.0061934
862	0.0048229
861	0.0037883
860	0.0064518
859	0.0066477
858	0.0045585
857	0.00072811
856	0.002979
855	0.0060853
854	0.003832
853	0.0038476
852	0.0041903
851	0.0064488
850	0.011664
849	0.0041769
848	0.0091063
847	0.0038544
846	0.0067013
845	0.0031426
844	0.0070499
843	0.0076078
842	0.0046514
841	0.0066605
840	0.0046164
839	0.0085547
838	0.0052772
837	0.0056567
836	0.0089498
835	0.0048248
834	0.0074472
833	0.0083288
832	0.0050612
831	0.0029941
830	0.0040186
829	0.0050748
828	0.0065677
827	0.0093416
826	0.0028764
825	0.005714
824	0.0098702
823	0.0046079
822	0.0069642
821	0.0051
820	0.011531
819	0.011657
818	0.0078332
817	0.003865
816	0.0051197
815	0.010579
814	0.0086404
813	0.0091441
812	0.0035315
811	0.0070248
810	0.0070883
809	0.0068499
808	0.012943
807	0.0015014
806	0.0072803
805	0.006267
804	0.0046112
803	0.0063103
802	0.002631
801	0.005759
800	0.0095335
