       1445.0099    0.0013984300
       1444.7330    0.0014761200
       1444.4561    0.0015538100
       1444.1791    0.0016315000
       1443.9020    0.0017091900
       1443.6250      0.11389400
       1443.3481      0.11397200
       1443.3470    0.0018645700
       1443.0710      0.11405000
       1442.7930    0.0020199500
       1442.5160    0.0020976500
       1442.2380    0.0021753400
       1441.9611    0.0022530300
       1441.6840    0.0023307200
       1441.4070    0.0024084100
       1441.1300    0.0024861000
       1440.8521    0.0025637900
       1440.5750    0.0026414800
       1440.2980    0.0027191699
       1440.0210    0.0027968599
       1439.7440    0.0028745499
       1439.4659    0.0029522399
       1439.1890    0.0030299299
       1438.9120    0.0031076199
       1438.6350    0.0031853099
       1438.3579    0.0032629999
       1438.0800    0.0033406899
       1437.8030    0.0034183799
       1437.5260    0.0034960699
       1437.2489    0.0035737699
       1436.9720    0.0036514599
       1436.6940    0.0037291499
       1436.4170    0.0038068399
       1436.1399    0.0038845299
       1435.8630    0.0039622202
       1435.5861    0.0040399102
       1435.3080    0.0041176002
       1435.0311    0.0041952902
       1434.7540    0.0042729801
       1434.4771    0.0043506701
       1434.2000    0.0044283601
       1434.1990     -0.10767900
       1433.9221    0.0045060501
       1433.6450    0.0045837401
       1433.3680    0.0046614301
       1433.0909    0.0047391201
       1432.8140    0.0048168101
       1432.5360    0.0048945001
       1432.2590     -0.10713500
       1431.9821    0.0050498801
       1431.7050    0.0051275799
       1431.4280    0.0052052699
       1431.1500     -0.10682500
       1430.8730     -0.10674700
       1430.5959    0.0054383399
       1430.3190    0.0055160299
       1430.0420    0.0055937199
       1429.7640    0.0056714099
       1429.4871    0.0057490999
       1429.2100    0.0058267899
       1428.9330    0.0059044799
       1428.6560    0.0059821699
       1428.3781    0.0060598599
       1428.1010    0.0061375499
       1427.8240    0.0062152399
       1427.5470    0.0062929299
       1427.2701    0.0063706199
       1426.9921    0.0064483099
       1426.7150    0.0065259999
       1426.4380    0.0066037001
       1426.1611    0.0066813901
       1425.8840    0.0067590801
       1425.6060    0.0068367701
       1425.3290    0.0069144601
       1425.0520    0.0069921501
       1424.7750    0.0070698401
       1424.4980    0.0071475301
       1424.2200    0.0072252201
       1423.9430    0.0073029101
       1423.6660    0.0073806001
       1423.3890    0.0074582901
       1423.1121    0.0075359801
       1422.8340    0.0076136701
       1422.5570    0.0076913601
       1422.2800    0.0077690501
       1422.0031    0.0078467401
       1421.7260    0.0079244301
       1421.4480    0.0080021303
       1421.1709     -0.10402800
       1420.8929     -0.10395000
       1420.6160     -0.10387200
       1420.3390     -0.10379500
       1420.0619    0.0083905803
       1419.7850    0.0084682703
       1419.5081    0.0085459603
       1419.2311    0.0086236503
       1418.9540    0.0087013403
       1418.9529     -0.10340600
       1418.6760     -0.10332800
       1418.3990     -0.10325100
       1418.1210     -0.10317300
       1417.8450    0.0090121003
       1417.5680    0.0090897903
       1417.2900     -0.10294000
       1417.0129     -0.10286200
       1416.7360    0.0093228603
       1416.4590    0.0094005503
       1416.1820    0.0094782496
       1415.9041    0.0095559396
       1415.6270    0.0096336296
       1415.3500    0.0097113196
       1415.0730    0.0097890096
       1414.7960    0.0098666996
       1414.5179    0.0099443896
       1414.2410     0.010022100
       1413.9640     0.010099800
       1413.9630     -0.10200800
       1413.6860     -0.10193000
       1413.4091     -0.10185200
       1413.1320     -0.10177500
       1412.8550     -0.10169700
       1412.5780     0.010488200
       1412.3009     0.010565900
       1412.0240     0.010643600
       1411.7460     0.010721300
       1411.4690     0.010799000
       1411.1921     0.010876700
       1410.9150     0.010954400
       1410.6379     0.011032100
       1410.3600     0.011109700
       1410.0831     0.011187400
       1409.8060     0.011265100
       1409.5291     0.011342800
       1409.2520     0.011420500
       1409.2510     -0.10068700
       1408.9741     -0.10060900
       1408.6970     0.011575900
       1408.4200     0.011653600
       1408.1429     0.011731300
       1407.8660     0.011809000
       1407.8650     -0.10029900
       1407.5880     -0.10022100
       1407.3110     0.011964300
       1407.0341     0.012042000
       1406.7570     0.012119700
       1406.4800     0.012197400
       1406.2020     0.012275100
       1405.9250     0.012352800
       1405.6479     0.012430500
       1405.3710     0.012508200
       1405.0940     0.012585900
       1404.8160    -0.099443898
       1404.5389    -0.099366203
       1404.2610    -0.099288501
       1403.9840    -0.099210799
       1403.7070    -0.099133097
       1403.4301     0.013052000
       1403.1530     0.013129700
       1402.8760     0.013207400
       1402.5990     0.013285100
       1402.3221     0.013362800
       1402.0441     0.013440500
       1401.7670     0.013518100
       1401.4900     0.013595800
       1401.2130     0.013673500
       1400.9360     0.013751200
       1400.6580     0.013828900
       1400.3810     0.013906600
       1400.1040     0.013984300
       1399.8270     0.014062000
       1399.5500     0.014139700
       1399.2720     0.014217400
       1398.9950    -0.097812399
       1398.7170    -0.097734697
       1398.4399    -0.097657003
       1398.1639     0.014528100
       1397.8860     0.014605800
       1397.6090     0.014683500
       1397.3320     0.014761200
       1397.0551     0.014838900
       1397.0540    -0.097268596
       1396.7770    -0.097190902
       1396.5000    -0.097113200
       1396.2229    -0.097035497
       1395.9449    -0.096957803
       1395.6689     0.015227400
       1395.3918     0.015305000
       1395.1139     0.015382700
       1394.8370    -0.096647002
       1394.5601     0.015538100
       1394.2831     0.015615800
       1394.0060     0.015693501
       1393.7280    -0.096336298
       1393.4510    -0.096258603
       1393.1730    -0.096180901
       1392.8961    -0.096103199
       1392.6200     0.016081899
       1392.3420     0.016159600
       1392.0649     0.016237300
       1391.7880     0.016315000
       1391.5110     0.016392700
       1391.2340     0.016470401
       1390.9561     0.016548101
       1390.6790     0.016625799
       1390.4020     0.016703499
       1390.1250     0.016781200
       1389.8480     0.016858799
       1389.5699     0.016936500
       1389.2930     0.017014200
       1389.0160     0.017091900
       1388.7390     0.017169600
       1388.4619     0.017247301
       1388.1840     0.017325001
       1387.9070     0.017402699
       1387.6300     0.017480399
       1387.3529     0.017558100
       1387.0760     0.017635699
       1386.7980     0.017713400
       1386.5210    -0.094316296
       1386.2430    -0.094238602
       1385.9659    -0.094160900
       1385.6899     0.018024201
       1385.4120     0.018101901
       1385.1351     0.018179599
       1384.8580     0.018257299
       1384.5811     0.018335000
       1384.3040     0.018412700
       1384.0261     0.018490300
       1383.7490     0.018568000
       1383.4720     0.018645700
       1383.1949     0.018723400
       1382.9180     0.018801101
       1382.6410      0.13098601
       1382.6400     0.018878801
       1382.3630     0.018956499
       1382.0861     0.019034199
       1381.8090     0.019111900
       1381.5320     0.019189600
       1381.2540     0.019267200
       1380.9771     0.019344900
       1380.7000     0.019422600
       1380.4229     0.019500300
       1380.1460     0.019578001
       1379.8680     0.019655701
       1379.5909     0.019733399
       1379.3138     0.019811099
       1379.0370     0.019888800
       1379.0359    -0.092218697
       1378.7590    -0.092141002
       1378.4821    -0.092063300
       1378.2050    -0.091985598
       1377.9269    -0.091907904
       1377.6510     0.020277200
       1377.3741     0.020354901
       1377.3730    -0.091752499
       1377.0961     0.020432601
       1376.8190     0.020510299
       1376.5420     0.020587999
       1376.2650     0.020665700
       1375.9880     0.020743400
       1375.7100     0.020821100
       1375.4330     0.020898800
       1375.1560     0.020976501
       1374.8790     0.021054100
       1374.6021     0.021131800
       1374.3240     0.021209501
       1374.0470     0.021287199
       1373.7700     0.021364899
       1373.4930     0.021442600
       1373.2159     0.021520300
       1373.2150    -0.090587199
       1372.9380    -0.090509497
       1372.6610    -0.090431802
       1372.3831    -0.090354100
       1372.1060    -0.090276398
       1371.8300     0.021908700
       1371.5520     0.021986401
       1371.2749     0.022064099
       1370.9980     0.022141799
       1370.7209     0.022219500
       1370.4441     0.022297200
       1370.4430    -0.089810297
       1370.1659    -0.089732602
       1369.8890    -0.089654900
       1369.6110    -0.089577198
       1369.3340    -0.089499503
       1369.0571    -0.089421801
       1368.7800    -0.089344099
       1368.5031    -0.089266397
       1368.2250    -0.089188702
       1367.9481    -0.089111097
       1367.6710    -0.089033403
       1367.3940    -0.088955700
       1367.1169    -0.088877998
       1366.8391    -0.088800304
       1366.5620    -0.088722602
       1366.2850    -0.088644899
       1366.0081    -0.088567197
       1365.7310    -0.088489503
       1365.4530    -0.088411801
       1365.1760    -0.088334098
       1364.8990    -0.088256396
       1364.6219    -0.088178799
       1364.3450    -0.088101096
       1364.0680     0.024084100
       1363.7910     0.024161801
       1363.5139     0.024239499
       1363.2360     0.024317101
       1362.9590     0.024394801
       1362.6820     0.024472499
       1362.4049     0.024550200
       1362.1281     0.024627900
       1361.8500     0.024705600
       1361.5730     0.024783300
       1361.2961     0.024861000
       1361.0190     0.024938701
       1360.7419     0.025016399
       1360.4640     0.025094001
       1360.1871     0.025171701
       1359.9100     0.025249399
       1359.6331     0.025327099
       1359.3560     0.025404800
       1359.0780     0.025482500
       1358.8010     0.025560200
       1358.5240     0.025637900
       1358.2469      0.13782300
       1357.9700      0.13790099
       1357.6930      0.13797800
       1357.4160      0.13805600
       1357.1390      0.13813400
       1356.8610      0.13821200
       1356.5840      0.13828900
       1356.3070      0.13836700
       1356.0300      0.13844401
       1355.7529      0.13852200
       1355.4760      0.25070700
       1355.1990      0.25078499
       1354.9221      0.25086299
       1354.6439      0.25094000
       1354.3669      0.25101799
       1354.0900      0.25109601
       1353.8131      0.25117299
       1353.5360      0.25125101
       1353.2590      0.36343601
       1352.9821      0.36351401
       1352.7050      0.36359200
       1352.4280      0.36366901
       1352.1500      0.36374700
       1351.8730      0.36382499
       1351.5970      0.47600999
       1351.3190      0.47608799
       1351.0420      0.47616500
       1350.7659      0.58835000
       1350.4879      0.58842802
       1350.2120      0.70061302
       1349.9351      0.70069098
       1349.6571      0.70076901
       1347.7190       1.0376300
       1347.1650       1.1499000
       1346.8879       1.2620800
       1346.6110       1.2621599
       1346.3351       1.3743500
       1344.9510       1.7110600
       1342.7380       2.6085401
       1341.9091       3.0572000
       1340.8040       3.7301600
       1339.9771       4.6272502
       1336.9520       9.0002899
       1336.6810       10.009300
       1336.6801       9.8972301
       1336.4030       9.8973103
       1335.5880       12.924400
       1335.0420       14.382000
       1334.7681       14.942600
       1333.9648       20.099800
       1333.6869       19.987801
       1333.4091       19.875700
       1333.1320       19.987900
       1332.8719       23.014900
       1332.8710       22.902800
       1332.8700       22.678600
       1332.6091       25.593399
       1332.6080       25.369200
       1332.3340       26.042000
       1332.0680       27.947800
       1332.0660       27.723600
       1331.8030       30.302200
       1331.5260       30.190201
       1331.5250       30.078100
       1331.2590       32.096100
       1331.2581       31.983900
       1330.9919       33.889900
       1330.9910       33.665600
       1330.9890       33.441399
       1330.9871       32.993000
       1330.7290       36.468399
       1330.7281       36.356300
       1330.7271       36.132099
       1330.7250       35.683701
       1330.4620       38.262199
       1330.4611       38.150101
       1330.4590       37.813801
       1330.1990       40.840801
       1330.1970       40.616501
       1330.1960       40.280201
       1330.1920       39.607601
       1329.9390       43.979801
       1329.9381       43.755600
       1329.9360       43.531399
       1329.9340       43.083000
       1329.9280       42.074001
       1329.6689       45.213100
       1329.6680       45.101002
       1329.6670       44.988899
       1329.6660       44.764702
       1329.6630       44.204102
       1329.4020       47.118999
       1329.4010       46.894798
       1329.3990       46.670601
       1329.3960       46.110001
       1329.1340       48.800701
       1328.8669       50.594501
       1328.8660       50.482399
       1328.8640       50.146099
       1328.8610       49.585499
       1328.6021       52.836700
       1328.3401       55.527401
       1328.3390       55.415298
       1328.3380       55.191101
       1328.3350       54.630501
       1328.3290       53.509399
       1328.0720       57.209099
       1327.8060       59.227100
       1327.8051       59.002899
       1327.8030       58.666500
       1327.5291       59.339298
       1327.2721       62.926800
       1327.2710       62.814701
       1327.2700       62.590500
       1327.2679       62.254101
       1327.2640       61.469398
       1327.0090       65.505302
       1327.0081       65.393204
       1327.0071       65.168999
       1327.0050       64.832703
       1327.0020       64.160004
       1326.7310       65.281197
       1326.4709       68.420303
       1326.4700       68.196098
       1326.4670       67.747597
       1326.4620       66.850800
       1326.2070       70.774597
       1326.2061       70.662498
       1326.2050       70.550400
       1326.2039       70.326202
       1326.2010       69.765602
       1325.9280       70.550499
       1325.6591       72.007896
       1325.3920       73.801697
       1325.3911       73.577499
       1325.3890       73.353302
       1325.1150       73.801804
       1324.8459       75.259300
       1324.8450       75.147202
       1324.8430       74.810898
       1324.5760       76.604698
       1324.5750       76.492599
       1324.5730       76.156197
       1324.2970       76.380501
       1324.0291       77.950104
       1324.0280       77.725899
       1324.0260       77.501701
       1323.7500       77.725998
       1323.4791       78.735001
       1323.4780       78.510803
       1323.2020       78.735100
       1322.9312       79.856201
       1322.9301       79.744102
       1322.9290       79.632004
       1322.9270       79.295700
       1322.6520       79.632103
       1322.3760       79.856400
       1322.1000       79.968597
       1321.8220       79.968697
       1321.5450       79.968697
       1321.2679       79.968803
       1320.9910       79.968903
       1320.7140       79.969002
       1320.7130       79.856903
       1320.4360       79.856903
       1320.4351       79.632698
       1320.1571       79.520699
       1319.8800       79.520798
       1319.8792       79.408699
       1319.6021       79.408699
       1319.6011       79.296600
       1319.3240       79.296700
       1319.3229       79.184601
       1319.0460       79.184700
       1319.0449       78.960503
       1318.7679       78.960503
       1318.4900       78.848503
       1318.2130       78.848602
       1317.9351       78.848701
       1317.6580       78.848701
       1317.3810       78.848801
       1317.3800       78.736702
       1317.1030       78.624702
       1316.8250       78.624802
       1316.5490       78.737000
       1316.2720       78.737000
       1315.9950       78.849197
       1315.7181       78.849297
       1315.4410       78.961502
       1315.1650       79.073700
       1314.8879       79.185898
       1314.6130       79.522202
       1314.6121       79.410103
       1314.3370       79.858704
       1314.0601       79.858704
       1313.7841       79.970901
       1313.5070       80.083099
       1313.2319       80.419502
       1313.2310       80.307404
       1312.9561       80.643799
       1312.6791       80.755997
       1312.4041       81.092400
       1312.1290       81.428802
       1311.8531       81.653099
       1311.5770       81.877403
       1311.3019       82.325897
       1311.3010       82.213799
       1311.0271       82.662300
       1311.0260       82.550201
       1311.0250       82.438004
       1310.7520       83.110802
       1310.7510       82.886597
       1310.4740       82.998703
       1310.2020       83.895699
       1310.2010       83.783600
       1310.2000       83.559402
       1309.9270       84.344200
       1309.9260       84.120003
       1309.6499       84.344299
       1309.3760       84.904900
       1309.3750       84.792801
       1309.1000       85.241302
       1308.8230       85.241402
       1308.5500       85.914101
       1308.5490       85.802002
       1308.2729       85.914200
       1307.9990       86.586899
       1307.9979       86.362701
       1307.7220       86.586998
       1307.4470       86.923401
       1307.1689       86.923401
       1306.8970       87.708298
       1306.8960       87.596199
       1306.6200       87.820396
       1306.3461       88.381104
       1306.3450       88.156898
       1306.0710       88.717499
       1306.0699       88.605400
       1305.7930       88.717598
       1305.5170       88.829697
       1305.2450       89.838799
       1304.9680       89.838898
       1304.9670       89.614601
       1304.6910       89.838898
       1304.4139       89.951103
       1304.1379       90.063301
       1303.8610       90.175499
       1303.5840       90.287697
       1303.3080       90.399902
       1303.0310       90.399902
       1302.7560       90.848396
       1302.7550       90.736298
       1302.4790       90.848503
       1302.2020       90.960701
       1301.9260       91.072899
       1301.6479       91.072998
       1301.3721       91.185204
       1301.0950       91.297302
       1300.8190       91.409500
       1300.5410       91.409599
       1300.2640       91.409698
       1299.9880       91.521896
       1299.7100       91.521896
       1299.4330       91.522003
       1299.1560       91.522102
       1298.8790       91.522202
       1298.6021       91.522202
       1298.3240       91.522301
       1298.0469       91.522400
       1297.7700       91.522499
       1297.4930       91.522598
       1297.2161       91.522598
       1297.2150       91.410500
       1296.9379       91.410599
       1296.6610       91.410698
       1296.6599       91.298599
       1296.3831       91.298698
       1296.1060       91.298698
       1296.1050       91.186600
       1295.8280       91.186699
       1295.8270       91.074600
       1295.5500       91.074699
       1295.5490       90.962601
       1295.2720       90.850502
       1294.9940       90.738503
       1294.7159       90.626503
       1294.4390       90.626602
       1294.4371       90.402298
       1294.1600       90.290298
       1293.8820       90.178299
       1293.6050       90.178398
       1293.3270       90.066299
       1293.0500       90.066399
       1292.7721       89.954399
       1292.4950       89.954498
       1292.2170       89.954498
       1291.9399       89.954597
       1291.6631       89.954697
       1291.6620       89.842598
       1291.3851       89.842697
       1291.1080       89.842697
       1290.8311       89.842796
       1290.8300       89.730698
       1290.5530       89.730797
       1290.2761       89.730904
       1290.2750       89.618797
       1289.9980       89.618797
       1289.9969       89.506699
       1289.7201       89.506798
       1289.7190       89.282600
       1289.4419       89.282700
       1289.4410       89.170601
       1289.1639       89.170601
       1289.1630       89.058502
       1288.8860       89.058601
       1288.6090       89.058701
       1288.3320       89.058800
       1288.0540       89.058800
       1287.7769       89.058899
       1287.5000       89.058998
       1287.2230       89.059097
       1286.9460       89.059196
       1286.6678       89.059196
       1286.3910       88.947197
       1286.1130       88.947304
       1285.8361       88.947403
       1285.5591       88.947403
       1285.2820       88.947502
       1285.0050       88.947601
       1284.7271       88.947701
       1284.4510       89.059898
       1284.1740       89.059898
       1283.8970       89.172096
       1283.6200       89.172203
       1283.3430       89.172302
       1283.0660       89.284401
       1282.7889       89.284500
       1282.5118       89.284599
       1281.1290       89.845497
       1280.8521       89.845596
       1280.5740       89.845703
       1280.2970       89.845802
       1280.0210       89.957901
       1279.7430       89.958000
       1279.4670       90.070198
       1279.1899       90.070297
       1278.9139       90.294601
       1278.6360       90.294701
       1278.3600       90.518997
       1278.0850       90.743202
       1277.8090       90.967499
       1277.8080       90.855400
       1277.5320       91.079697
       1277.2551       91.079803
       1276.9780       91.079903
       1276.7010       91.192101
       1276.4241       91.192101
       1276.1479       91.416397
       1275.8710       91.416496
       1275.5930       91.416603
       1275.3170       91.528801
       1275.0400       91.528900
       1274.7639       91.753197
       1274.4871       91.753197
       1274.2111       91.977501
       1273.9331       91.977600
       1273.6570       92.201897
       1273.3800       92.202003
       1273.1040       92.314102
       1272.8270       92.426300
       1272.5500       92.426399
       1272.2729       92.426498
       1271.9949       92.426598
       1271.7190       92.538803
       1271.4421       92.538803
       1271.1650       92.651001
       1270.8879       92.651100
       1270.6110       92.651199
       1270.3340       92.763397
       1270.0570       92.763397
       1269.7800       92.763496
       1269.5031       92.763603
       1269.2260       92.875801
       1268.9490       92.875900
       1268.6720       92.875900
       1268.3949       92.988098
       1268.1180       92.988197
       1267.8409       92.988297
       1267.5630       92.988297
       1267.2859       92.988403
       1267.0090       92.988503
       1267.0079       92.876404
       1266.7310       92.876503
       1266.4540       92.876503
       1266.1771       92.988701
       1265.9000       92.988800
       1265.6230       92.988899
       1265.3461       92.988998
       1265.0690       92.989098
       1264.7910       92.989098
       1264.5140       92.989197
       1264.2371       92.989304
       1263.9600       92.989403
       1263.6830       93.101501
       1263.4060       93.101601
       1263.4050       92.989502
       1263.1281       92.989601
       1262.8510       92.989700
       1262.8500       92.877602
       1262.5730       92.877602
       1262.2960       92.877701
       1262.2950       92.765602
       1262.0179       92.765701
       1261.7410       92.765800
       1261.7400       92.653702
       1261.4630       92.653702
       1261.1860       92.653801
       1261.1851       92.541702
       1260.9080       92.541801
       1260.6310       92.541901
       1260.3540       92.541901
       1260.0760       92.542000
       1259.7990       92.542099
       1259.5220       92.542198
       1259.2450       92.542297
       1259.2440       92.430099
       1258.9670       92.430199
       1258.6899       92.430298
       1258.6890       92.318199
       1258.4120       92.318298
       1258.1350       92.318398
       1258.1340       92.206200
       1257.8571       92.206299
       1257.5800       92.206398
       1257.3030       92.206497
       1257.3020       92.094398
       1257.0250       92.094398
       1256.7480       92.094498
       1256.7469       91.982399
       1256.4700       91.982498
       1256.1930       91.982597
       1256.1920       91.870499
       1255.9150       91.870499
       1255.9139       91.758400
       1255.6370       91.758499
       1255.3600       91.758598
       1255.0830       91.758698
       1255.0820       91.646599
       1254.8051       91.646599
       1254.5270       91.646698
       1254.2500       91.646797
       1253.9730       91.646896
       1253.9720       91.534798
       1253.6949       91.534798
       1253.4180       91.534897
       1253.4170       91.422798
       1253.1400       91.310799
       1253.1390       91.198700
       1252.8621       91.198799
       1252.8610       91.086601
       1252.5840       91.086700
       1252.5830       90.974602
       1252.3060       90.862602
       1252.0280       90.750504
       1251.7509       90.750603
       1251.4729       90.638603
       1251.1960       90.638702
       1250.9180       90.526604
       1250.6400       90.414597
       1250.3630       90.414703
       1250.3621       90.302597
       1250.3610       90.190498
       1250.0840       90.078499
       1250.0830       89.966301
       1249.8060       89.966400
       1249.5291       89.966499
       1249.5281       89.854401
       1249.5270       89.742302
       1249.2501       89.630302
       1248.9720       89.518204
       1248.6938       89.406197
       1248.4170       89.406303
       1248.4150       89.182098
       1248.1379       89.070000
       1248.1370       88.957901
       1247.8600       88.958000
       1247.8590       88.845901
       1247.5820       88.846001
       1247.5811       88.733902
       1247.3040       88.733902
       1247.3030       88.509697
       1247.0260       88.509804
       1247.0250       88.397697
       1246.7480       88.397797
       1246.4709       88.397903
       1246.4700       88.285698
       1246.4690       88.173599
       1246.1920       88.061600
       1246.1910       87.949501
       1245.9139       87.949600
       1245.9130       87.837502
       1245.6360       87.837502
       1245.6350       87.613297
       1245.3580       87.613403
       1245.3571       87.501297
       1245.3560       87.389198
       1245.0790       87.389297
       1245.0780       87.165100
       1244.8010       87.165100
       1244.7990       86.940903
       1244.5220       86.828903
       1244.2440       86.716904
       1243.9670       86.716904
       1243.9659       86.604797
       1243.9650       86.380600
       1243.6870       86.268600
       1243.6860       86.044403
       1243.4080       85.932297
       1243.1310       85.932404
       1243.1300       85.820297
       1243.1290       85.708199
       1242.8521       85.596199
       1242.8510       85.484100
       1242.5740       85.484100
       1242.5719       85.259903
       1242.2950       85.260002
       1242.2939       85.035797
       1242.0170       85.035896
       1242.0160       84.811699
       1241.7380       84.811699
       1241.7371       84.587502
       1241.4600       84.587601
       1241.4590       84.475502
       1241.1820       84.363503
       1240.9041       84.251404
       1240.9030       84.139297
       1240.6260       84.139397
       1240.6250       84.027298
       1240.6240       83.803101
       1240.3470       83.803101
       1240.3459       83.691002
       1240.3450       83.466797
       1240.0680       83.466904
       1240.0670       83.354797
       1239.7900       83.354897
       1239.7889       83.130699
       1239.5110       83.018600
       1239.5101       82.906502
       1239.2330       82.906601
       1239.2319       82.794502
       1238.9550       82.682503
       1238.6770       82.570396
       1238.4000       82.570503
       1238.3990       82.458397
       1238.3979       82.346298
       1238.1210       82.346397
       1238.1200       82.122200
       1237.8430       82.122200
       1237.8420       82.010101
       1237.5649       82.010201
       1237.5640       81.898102
       1237.2870       81.898201
       1237.2860       81.674004
       1237.0090       81.674004
       1237.0081       81.561897
       1237.0070       81.449799
       1236.7300       81.337799
       1236.4520       81.225800
       1236.1749       81.225899
       1236.1740       81.113701
       1236.1730       80.889503
       1235.8950       80.777496
       1235.8940       80.553299
       1235.6160       80.553398
       1235.6150       80.329102
       1235.3380       80.329201
       1235.3370       80.217102
       1235.0601       80.217201
       1234.7831       80.217300
       1234.5060       80.217300
       1234.5051       80.105202
       1234.2280       80.105301
       1233.9510       80.105400
       1233.9500       79.993301
       1233.6730       79.993401
       1233.3961       79.993401
       1233.3950       79.881302
       1233.1180       79.881401
       1232.8409       79.881500
       1232.8398       79.769402
       1232.5630       79.769501
       1232.2860       79.769501
       1232.2850       79.657402
       1232.2839       79.545303
       1232.0070       79.545403
       1231.7300       79.545502
       1231.4529       79.545601
       1231.4520       79.433403
       1231.1749       79.433502
       1230.8979       79.433601
       1230.6210       79.433701
       1230.3430       79.433800
       1230.0659       79.433800
       1229.7889       79.433899
       1229.5120       79.433998
       1229.2351       79.434097
       1228.9590       79.658401
       1228.6810       79.658401
       1228.4050       79.770599
       1228.1281       79.882797
       1227.8510       79.882896
       1227.5740       79.883003
       1227.2969       79.995102
       1227.0200       79.995201
       1226.7430       79.995300
       1226.4659       80.107498
       1226.1890       80.107597
       1225.9120       80.107697
       1225.6351       80.107697
       1225.3580       80.219902
       1225.0820       80.332100
       1224.8040       80.332199
       1224.5270       80.332298
       1224.2531       80.892899
       1224.2520       80.668602
       1223.9760       80.892899
       1223.7000       81.117203
       1223.4240       81.341499
       1223.1479       81.565804
       1223.1470       81.453697
       1222.8708       81.678001
       1222.5940       81.678101
       1222.3190       82.014503
       1222.3181       81.902397
       1222.0420       82.126701
       1221.7650       82.126701
       1221.4900       82.463203
       1221.4890       82.350998
       1221.2141       82.687401
       1221.2130       82.575302
       1220.9370       82.799599
       1220.6600       82.799698
       1220.3840       83.024002
       1220.1071       83.024101
       1219.8319       83.360497
       1219.8311       83.248398
       1219.5540       83.248398
       1219.2780       83.472702
       1219.0020       83.696999
       1218.7260       83.921303
       1218.4490       83.921402
       1218.1730       84.257797
       1217.8960       84.257896
       1217.6210       84.594299
       1217.3440       84.594398
       1217.0670       84.706497
       1216.7910       84.930801
       1216.5140       84.930901
       1216.2380       85.155197
       1215.9611       85.155296
       1215.6851       85.379601
       1215.4080       85.491798
       1215.1320       85.603897
       1214.8560       85.828201
       1214.8550       85.716103
       1214.5790       85.940399
       1214.3019       85.940498
       1214.0260       86.164803
       1213.7491       86.164902
       1213.4720       86.277000
       1213.1960       86.389198
       1212.9180       86.389297
       1212.6410       86.389397
       1212.3650       86.501602
       1212.0870       86.501701
       1211.8101       86.501701
       1211.5330       86.501801
       1211.2560       86.501900
       1210.9790       86.501999
       1210.7010       86.502098
       1210.4240       86.502098
       1210.1470       86.502197
       1209.8700       86.502296
       1209.5931       86.502403
       1209.3149       86.502403
       1209.0380       86.502502
       1208.7610       86.502602
       1208.4841       86.502701
       1208.2070       86.502701
       1207.9290       86.390701
       1207.6520       86.390800
       1207.3740       86.390900
       1207.0970       86.390999
       1206.8199       86.390999
       1206.5430       86.503197
       1206.2660       86.503304
       1205.9890       86.503403
       1205.7120       86.503403
       1205.4351       86.503502
       1205.1570       86.503601
       1204.8800       86.503700
       1204.6030       86.503799
       1204.3260       86.503799
       1204.0490       86.503899
       1203.7710       86.503998
       1203.4940       86.391998
       1203.2159       86.391998
       1202.9390       86.392097
       1202.9380       86.279999
       1202.6610       86.167999
       1202.3831       86.168098
       1202.1060       86.168098
       1201.8290       86.168198
       1201.8280       86.056099
       1201.5510       86.056198
       1201.2740       86.056297
       1200.9969       86.056297
       1200.7200       86.056396
       1200.4420       86.056503
       1200.1650       86.056602
       1199.8879       86.056602
       1199.6108       86.168800
       1199.3340       86.168900
       1199.0570       86.168999
       1198.7799       86.169098
       1198.5031       86.281197
       1198.2260       86.281303
       1197.9491       86.281403
       1197.6720       86.393600
       1197.3950       86.393700
       1197.1190       86.505898
       1196.8409       86.505898
       1196.5640       86.505997
       1196.2880       86.618202
       1196.0109       86.730400
       1195.7340       86.730499
       1195.4570       86.730499
       1195.1790       86.730598
       1194.9030       86.842796
       1194.6260       86.842903
       1194.3480       86.842903
       1194.0710       86.843002
       1193.7939       86.843102
       1193.5170       86.843201
       1193.2400       86.843300
       1192.9622       86.731201
       1192.6851       86.731300
       1192.4070       86.619301
       1192.1300       86.619400
       1191.8521       86.507301
       1191.5751       86.507401
       1191.2971       86.507500
       1191.0200       86.395401
       1190.7419       86.395500
       1190.4650       86.395599
       1190.1881       86.395699
       1189.9110       86.395798
       1189.6340       86.395798
       1189.6331       86.283699
       1189.3560       86.283798
       1189.3550       86.171700
       1189.0780       86.171799
       1189.0770       86.059700
       1188.8000       86.059799
       1188.7990       85.947601
       1188.5220       85.947701
       1188.2451       85.947800
       1188.2440       85.723602
       1187.9669       85.723701
       1187.9659       85.611603
       1187.6888       85.611603
       1187.6880       85.387398
       1187.4100       85.275398
       1187.1331       85.275497
       1187.1320       85.163399
       1187.1310       84.939102
       1186.8531       84.827103
       1186.8521       84.714996
       1186.5751       84.715103
       1186.5740       84.490898
       1186.2971       84.490997
       1186.2960       84.378799
       1186.0189       84.378899
       1186.0179       84.266800
       1185.7408       84.266899
       1185.7400       84.042702
       1185.4620       83.930603
       1185.4611       83.818497
       1185.1840       83.818604
       1185.1830       83.594398
       1184.9060       83.594498
       1184.9052       83.482399
       1184.6281       83.482498
       1184.6271       83.258202
       1184.3489       83.146202
       1184.0709       83.034203
       1183.7939       83.034203
       1183.7928       82.922096
       1183.5160       82.922203
       1183.5150       82.697998
       1183.2371       82.585999
       1183.2360       82.473900
       1182.9590       82.473999
       1182.9580       82.361801
       1182.6810       82.249802
       1182.4030       82.249901
       1182.1260       82.137901
       1181.8480       82.025803
       1181.5701       81.913803
       1181.2930       81.913902
       1181.2921       81.801804
       1181.0150       81.801804
       1181.0139       81.689697
       1180.7371       81.689796
       1180.4600       81.689903
       1180.1831       81.690002
       1179.9052       81.690002
       1179.6290       81.802200
       1179.3521       81.802299
       1179.0760       82.026604
       1178.7990       82.138802
       1178.5229       82.250999
       1178.2460       82.363197
       1177.9690       82.363197
       1177.6930       82.699600
       1177.4160       82.699699
       1177.1400       82.924004
       1176.8640       83.036201
       1176.5881       83.260498
       1176.3120       83.484802
       1176.3110       83.372704
       1176.0360       83.709099
       1175.7590       83.821297
       1175.4830       84.045502
       1175.2080       84.382004
       1175.2070       84.269798
       1174.9310       84.382004
       1174.6541       84.494202
       1174.3781       84.606400
       1174.1000       84.606499
       1173.8230       84.606598
       1173.5460       84.606598
       1173.5450       84.494499
       1173.2679       84.382500
       1172.9900       84.270500
       1172.9882       84.046204
       1172.7111       83.934196
       1172.7100       83.822098
       1172.4330       83.822197
       1172.4319       83.710098
       1172.4310       83.485901
       1172.1539       83.485901
       1172.1530       83.261703
       1172.1489       82.701202
       1171.8719       82.589203
       1171.8680       81.916496
       1171.5909       81.916603
       1171.5890       81.692398
       1171.5879       81.356102
       1171.3099       81.244003
       1171.3090       81.131897
       1171.3070       80.683502
       1171.3020       79.786598
       1171.0240       79.786697
       1171.0229       79.562500
       1171.0179       78.665604
       1170.7410       78.665703
       1170.7400       78.553596
       1170.7391       78.217300
       1170.7340       77.320396
       1170.4561       77.208397
       1170.4540       76.872101
       1170.4500       76.087303
       1170.1720       76.087402
       1170.1710       75.863197
       1170.1660       74.854202
       1169.8879       74.854301
       1169.8860       74.405899
       1169.8810       73.509003
       1169.6039       73.509102
       1169.5991       72.612198
       1169.5880       70.706398
       1169.3110       70.706497
       1169.3101       70.482300
       1169.3060       69.809601
       1169.0291       69.809700
       1169.0260       69.361298
       1169.0179       67.903900
       1168.7410       67.903900
       1168.7400       67.791801
       1168.7380       67.343399
       1168.7310       66.110199
       1168.4541       66.110298
       1168.4530       65.886101
       1168.4490       65.325500
       1168.4430       64.092400
       1168.1650       63.980301
       1168.1628       63.644001
       1168.1570       62.522900
       1167.8801       62.522999
       1167.8790       62.410900
       1167.8730       61.289799
       1167.8600       58.935600
       1167.5820       58.823601
       1167.5811       58.711399
       1167.5770       58.038799
       1167.5709       56.805599
       1167.2930       56.693600
       1167.2900       56.132999
       1167.2820       54.675701
       1167.0040       54.563599
       1166.9980       53.554600
       1166.9830       50.864101
       1166.7061       50.864201
       1166.7041       50.415699
       1166.6970       49.294701
       1166.4200       49.294701
       1166.4180       48.958401
       1166.4150       48.397900
       1166.4091       47.276798
       1166.1320       47.276901
       1166.1310       47.052700
       1166.1270       46.380001
       1165.8400       44.586399
       1165.8390       44.474300
       1165.8380       44.362099
       1165.8370       44.025799
       1165.8330       43.465302
       1165.8270       42.232101
       1165.5490       42.232201
       1165.5450       41.447399
       1165.5439       41.335300
       1165.5430       41.111099
       1165.5411       40.662701
       1165.5360       39.765800
       1165.2620       40.438499
       1165.2499       38.196400
       1165.2490       37.972198
       1165.2469       37.748001
       1165.2440       37.187401
       1165.2390       36.178501
       1164.9611       36.066399
       1164.9580       35.618000
       1164.9500       34.160599
       1164.6760       34.609100
       1164.6750       34.497002
       1164.6740       34.384899
       1164.6730       34.160702
       1164.6709       33.712299
       1164.6520       30.349001
       1164.6510       30.236900
       1164.3740       30.237000
       1164.0970       30.237101
       1164.0959       30.012899
       1164.0919       29.340200
       1164.0850       28.107000
       1163.8080       28.107100
       1163.8070       27.882900
       1163.8051       27.658701
       1163.5220       26.537701
       1163.5211       26.425600
       1163.5200       26.201401
       1163.5179       25.865000
       1163.2290       23.622999
       1163.2271       23.398800
       1163.2260       23.062401
       1162.9421       21.829300
       1162.9320       20.035601
       1162.9310       19.923500
       1162.6591       20.820400
       1162.6580       20.708300
       1162.6570       20.596201
       1162.6559       20.259899
       1162.6541       19.923599
       1162.3770       19.923700
       1162.3750       19.699400
       1162.0990       19.811600
       1162.0930       18.690599
       1162.0920       18.578400
       1162.0909       18.354200
       1161.8030       16.448500
       1161.5240       16.112200
       1161.5229       15.888000
       1160.3979       13.085700
       1160.3960       12.637200
       1160.3950       12.525100
       1159.8260       9.8346901
       1159.5490       9.8347702
       1159.5480       9.7226601
       1159.2710       9.7227402
       1159.2700       9.6106300
       1158.9930       9.6107101
       1158.9910       9.2743902
       1158.7159       9.6107903
       1158.7100       8.4897099
       1158.1510       7.7051101
       1158.1500       7.4808998
       1157.8719       7.3688698
       1157.8701       7.0325499
       1157.8690       6.9204402
       1157.5900       6.4720898
       1157.5890       6.3599801
       1157.3120       6.3600602
       1157.3110       6.2479501
       1157.0330       6.0238099
       1157.0320       5.9117098
       1154.2460       3.3340099
       1153.6890       2.8857400
       1152.2990       2.1013701
       1152.0211       2.1014500
       1151.7440       1.9894201
       1151.4659       1.8773900
       1151.1890       1.8774700
       1151.1880       1.7653600
       1150.9110       1.7654400
       1150.9100       1.6533300
       1150.9089       1.5412199
       1150.6320       1.4292001
       1150.6310       1.3170900
       1150.3540       1.3171700
       1150.3530       1.2050600
       1150.0760       1.2051400
       1150.0750       1.0930300
       1149.7980       1.0931100
       1148.1331      0.75725001
       1147.8560      0.75732702
       1147.5790      0.75740498
       1147.5780      0.64529800
       1147.3010      0.64537501
       1147.3000      0.53326797
       1147.0229      0.53334600
       1146.7460      0.53342301
       1146.4690      0.53350103
       1146.4680      0.42139399
       1146.1910      0.42147100
       1146.1899      0.30936399
       1145.9130      0.30944100
       1145.6360      0.30951899
       1145.6350      0.19741200
       1145.3580      0.19748899
       1145.0811      0.19756700
       1144.8040      0.19764499
       1144.5260      0.19772200
       1144.2490      0.19780000
       1143.9720      0.19787800
       1143.9709     0.085770398
       1143.6940     0.085848004
       1143.4170     0.085925698
       1143.1400     0.086003400
       1142.8630     0.086081102
       1142.5850     0.086158797
       1142.3080     0.086236499
       1142.0310     0.086314201
       1141.7540     0.086391903
       1141.7531    -0.025715601
       1141.4760    -0.025637900
       1141.1990    -0.025560200
       1140.9220    -0.025482500
       1140.6440    -0.025404800
       1140.3669    -0.025327099
       1140.0900    -0.025249399
       1139.8129    -0.025171701
       1139.5360    -0.025094001
       1139.2581    -0.025016399
       1138.9810    -0.024938701
       1138.7039    -0.024861000
       1138.4270    -0.024783300
       1138.1500    -0.024705600
       1137.8719    -0.024627900
       1137.5951    -0.024550200
       1137.3180    -0.024472499
       1137.0410    -0.024394801
       1136.7640    -0.024317101
       1136.4861    -0.024239499
       1136.2090    -0.024161801
       1135.9320    -0.024084100
       1135.6550    -0.024006400
       1135.3781    -0.023928700
       1135.1000    -0.023851000
       1134.8230    -0.023773300
       1134.5460    -0.023695599
       1134.2690    -0.023617901
       1133.9919    -0.023540201
       1133.7140    -0.023462500
       1133.4370    -0.023384901
       1133.1600    -0.023307201
       1132.8831    -0.023229500
       1132.6060    -0.023151800
       1132.3280    -0.023074100
       1132.0510    -0.022996400
       1131.7739    -0.022918699
       1131.4969    -0.022841001
       1131.2200    -0.022763301
       1130.9420    -0.022685600
       1130.6649    -0.022608001
       1130.3879    -0.022530301
       1130.1110    -0.022452600
       1129.8341    -0.022374900
       1129.5559    -0.022297200
       1129.2791    -0.022219500
       1129.0020    -0.022141799
       1128.7251    -0.022064099
       1128.4480     0.090121001
       1128.1710     0.090198703
       1127.8940     0.090276398
       1127.6169     0.090354100
       1127.3390    -0.021675700
       1127.0620    -0.021598000
       1126.7841    -0.021520300
       1126.5070    -0.021442600
       1126.2300    -0.021364899
       1125.9530    -0.021287199
       1125.6760    -0.021209501
       1125.3979    -0.021131800
       1125.1210    -0.021054100
       1124.8440    -0.020976501
       1124.5670    -0.020898800
       1124.2900    -0.020821100
       1124.0120    -0.020743400
       1123.7350    -0.020665700
       1123.4580    -0.020587999
       1123.1810    -0.020510299
       1122.9039    -0.020432601
       1122.6259    -0.020354901
       1122.3490    -0.020277200
       1122.0720    -0.020199500
       1121.7950    -0.020121900
       1121.5179    -0.020044200
       1121.2400    -0.019966500
       1120.9630    -0.019888800
       1120.6862    -0.019811099
       1120.4091    -0.019733399
       1120.1320    -0.019655701
       1119.8540    -0.019578001
       1119.5771    -0.019500300
       1119.3000    -0.019422600
       1119.0229    -0.019344900
       1118.7460    -0.019267200
       1118.4680    -0.019189600
       1118.1910    -0.019111900
       1117.9139    -0.019034199
       1117.6370    -0.018956499
       1117.3600    -0.018878801
       1117.0820    -0.018801101
       1116.8051    -0.018723400
       1116.5280    -0.018645700
       1116.2510    -0.018568000
       1115.9739    -0.018490300
       1115.6960    -0.018412700
       1115.4189    -0.018335000
       1115.1420    -0.018257299
       1114.8649    -0.018179599
       1114.5880    -0.018101901
       1114.3101    -0.018024201
       1114.0330    -0.017946500
       1113.7559    -0.017868800
       1113.4790    -0.017791100
       1113.2020    -0.017713400
       1112.9240    -0.017635699
       1112.6471    -0.017558100
       1112.3700    -0.017480399
       1112.0930    -0.017402699
       1111.8160    -0.017325001
       1111.5381    -0.017247301
       1111.2610    -0.017169600
       1110.9840    -0.017091900
       1110.7070    -0.017014200
       1110.4301    -0.016936500
       1110.1520    -0.016858799
       1109.8750    -0.016781200
       1109.5980    -0.016703499
       1109.3210    -0.016625799
       1109.0439    -0.016548101
       1108.7660    -0.016470401
       1108.4890    -0.016392700
       1108.2120    -0.016315000
       1107.9351    -0.016237300
       1107.6580    -0.016159600
       1107.3800    -0.016081899
       1107.1030    -0.016004199
       1106.8259    -0.015926600
       1106.5490    -0.015848899
       1106.2720    -0.015771201
       1105.9940    -0.015693501
       1105.7169    -0.015615800
       1105.4399    -0.015538100
       1105.1630    -0.015460400
       1104.8861    -0.015382700
       1104.6082    -0.015305000
       1104.3311    -0.015227400
       1104.0540    -0.015149700
       1103.7771    -0.015072000
       1103.5000    -0.014994300
       1103.2230     0.097190902
       1102.9460     0.097268596
       1102.6689     0.097346298
       1102.3910     0.097423904
       1102.1140     0.097501598
       1101.8370     0.097579300
       1101.5601     0.097657003
       1101.2830     0.097734697
       1101.0050     0.097812399
       1100.7280    -0.014217400
       1100.4500    -0.014139700
       1100.1730    -0.014062000
       1099.8960    -0.013984300
       1099.6190    -0.013906600
       1099.3420    -0.013828900
       1099.0640    -0.013751200
       1098.7870    -0.013673500
       1098.5100    -0.013595800
       1098.2330    -0.013518100
       1097.9559     0.098667003
       1097.6790     0.098744698
       1097.6779    -0.013362800
       1097.4010    -0.013285100
       1097.1240    -0.013207400
       1096.8470    -0.013129700
       1096.5699    -0.013052000
       1096.2920    -0.012974300
       1096.0150    -0.012896600
       1095.7382    -0.012818900
       1095.4611    -0.012741200
       1095.1840    -0.012663600
       1094.9060    -0.012585900
       1094.6290    -0.012508200
       1094.3521    -0.012430500
       1094.0750    -0.012352800
       1093.7980    -0.012275100
       1093.5200    -0.012197400
       1093.2430    -0.012119700
       1092.9659    -0.012042000
       1092.6890    -0.011964300
       1092.4120    -0.011886600
       1092.1340    -0.011809000
       1091.8571     -0.12383900
       1091.5790     -0.12376100
       1091.3030    -0.011575900
       1091.0259    -0.011498200
       1090.7480    -0.011420500
       1090.4709    -0.011342800
       1090.1940    -0.011265100
       1089.9169    -0.011187400
       1089.6400    -0.011109700
       1089.3621    -0.011032100
       1089.0850    -0.010954400
       1088.8079    -0.010876700
       1088.5310    -0.010799000
       1088.2540    -0.010721300
       1087.9760    -0.010643600
       1087.6991    -0.010565900
       1087.4220    -0.010488200
       1087.1450    -0.010410500
       1086.8680    -0.010332800
       1086.5901    -0.010255100
       1086.3130    -0.010177500
       1086.0360    -0.010099800
       1085.7590    -0.010022100
       1085.4821   -0.0099443896
       1085.2040   -0.0098666996
       1084.9270   -0.0097890096
       1084.6500   -0.0097113196
       1084.3730   -0.0096336296
       1084.0959   -0.0095559396
       1083.8180   -0.0094782496
       1083.5410   -0.0094005503
       1083.2640   -0.0093228603
       1082.9871   -0.0092451703
       1082.7100   -0.0091674803
       1082.4320   -0.0090897903
       1082.1550   -0.0090121003
       1081.8779   -0.0089344103
       1081.6010   -0.0088567203
       1081.3240   -0.0087790303
       1081.0460   -0.0087013403
       1080.7689   -0.0086236503
       1080.4919   -0.0085459603
       1080.2150   -0.0084682703
       1079.9381   -0.0083905803
       1079.6602   -0.0083128903
       1079.3831   -0.0082352003
       1079.1060   -0.0081575103
       1078.8291   -0.0080798203
       1078.5520   -0.0080021303
       1078.2740   -0.0079244301
       1077.9969   -0.0078467401
       1077.7200   -0.0077690501
       1077.4430   -0.0076913601
       1077.1660   -0.0076136701
       1076.8879   -0.0075359801
       1076.6110   -0.0074582901
       1076.3340   -0.0073806001
       1076.0570   -0.0073029101
       1075.7800   -0.0072252201
       1075.5020   -0.0071475301
       1075.2250   -0.0070698401
       1074.9490      0.10511500
       1074.6710      0.10519300
       1074.3940      0.10527100
       1074.1169      0.10534800
       1074.1160   -0.0067590801
       1073.8389   -0.0066813901
       1073.5620   -0.0066037001
       1073.2850   -0.0065259999
       1073.0079   -0.0064483099
       1072.7299   -0.0063706199
       1072.4530   -0.0062929299
       1072.1760   -0.0062152399
       1071.8990   -0.0061375499
       1071.6219   -0.0060598599
       1071.3440   -0.0059821699
       1071.0670   -0.0059044799
       1070.7900   -0.0058267899
       1070.5129   -0.0057490999
       1070.2360   -0.0056714099
       1069.9580   -0.0055937199
       1069.6810   -0.0055160299
       1069.4041   -0.0054383399
       1069.1270   -0.0053606499
       1068.8500   -0.0052829599
       1068.5720   -0.0052052699
       1068.2950   -0.0051275799
       1068.0179   -0.0050498801
       1067.7410   -0.0049721901
       1067.4640   -0.0048945001
       1067.1860   -0.0048168101
       1066.9091   -0.0047391201
       1066.6320   -0.0046614301
       1066.3550   -0.0045837401
       1066.0779   -0.0045060501
       1065.8000   -0.0044283601
       1065.5229   -0.0043506701
       1065.2460   -0.0042729801
       1064.9689   -0.0041952902
       1064.6920   -0.0041176002
       1064.4139   -0.0040399102
       1064.1370   -0.0039622202
       1063.8601   -0.0038845299
       1063.5830   -0.0038068399
       1063.3060   -0.0037291499
       1063.0280   -0.0036514599
       1062.7511   -0.0035737699
       1062.4740   -0.0034960699
