       3013.2620  -0.00316117
       3014.0910  -0.00335874
       3014.9200  -0.00355631
       3015.7490  -0.00375389
       3016.5780  -0.00395146
       3017.4069  -0.00414903
       3018.2350  -0.00434661
       3019.0639  -0.00454418
       3019.8929  -0.00474175
       3020.7219  -0.00493933
       3021.5509  -0.00513690
       3022.3801  -0.00533447
       3023.2091  -0.00553204
       3024.0381  -0.00572962
       3024.8671  -0.00592719
       3025.6951  -0.00612476
       3026.5241  -0.00632234
       3026.5291     0.104911
       3027.3581     0.104714
       3028.1820  -0.00671748
       3029.0110  -0.00691506
       3029.8400  -0.00711263
       3030.6690  -0.00731020
       3031.4980  -0.00750777
       3032.3269  -0.00770535
       3033.1550  -0.00790292
       3033.9839  -0.00810049
       3034.8129  -0.00829807
       3035.6419  -0.00849564
       3036.4709  -0.00869321
       3036.4759     0.102540
       3037.3039     0.102343
       3038.1329     0.102145
       3038.9581  -0.00928593
       3039.7861  -0.00948351
       3040.6151  -0.00968108
       3041.4441  -0.00987865
       3042.2730   -0.0100762
       3043.1020   -0.0102738
       3043.9310   -0.0104714
       3043.9351     0.100762
       3044.7640     0.100565
       3045.5930     0.100367
       3046.4220     0.100170
       3047.2510    0.0999719
       3048.0800    0.0997744
       3048.9089    0.0995768
       3049.7379    0.0993792
       3050.5669    0.0991817
       3051.3949    0.0989841
       3052.2239    0.0987865
       3053.0491   -0.0126447
       3053.8781   -0.0128423
       3053.8819    0.0983914
       3054.7111    0.0981938
       3055.5401    0.0979962
       3056.3691    0.0977986
       3057.1980    0.0976011
       3058.0270    0.0974035
       3058.8551    0.0972059
       3059.6840    0.0970083
       3060.5130    0.0968108
       3061.3370   -0.0146204
       3062.1660   -0.0148180
       3062.9950   -0.0150155
       3063.8239   -0.0152131
       3064.6529   -0.0154107
       3065.4819   -0.0156083
       3065.4860    0.0956253
       3066.3149    0.0954278
       3067.1401   -0.0160034
       3067.9691   -0.0162010
       3068.7971   -0.0163986
       3069.6261   -0.0165961
       3070.4551   -0.0167937
       3071.2841   -0.0169913
       3071.2891    0.0942423
       3072.1180    0.0940448
       3072.9420   -0.0173864
       3073.7710   -0.0175840
       3074.6000   -0.0177816
       3075.4290   -0.0179791
       3076.2570   -0.0181767
       3076.2620    0.0930569
       3077.0910    0.0928593
       3077.9200    0.0926617
       3078.7489    0.0924642
       3079.5729   -0.0189670
       3080.4019   -0.0191646
       3081.2311   -0.0193622
       3082.0601   -0.0195597
       3082.8879   -0.0197573
       3083.7171   -0.0199549
       3084.5461   -0.0201524
       3085.3751   -0.0203500
       3085.3801    0.0908836
       3086.2091    0.0906860
       3087.0371    0.0904884
       3087.8661    0.0902909
       3088.6950    0.0900933
       3089.5240    0.0898957
       3090.3480   -0.0215355
       3091.1770   -0.0217330
       3092.0060   -0.0219306
       3092.8349   -0.0221282
       3093.6639   -0.0223258
       3094.4929   -0.0225233
       3095.3219   -0.0227209
       3096.1511   -0.0229185
       3096.9801   -0.0231160
       3097.8079   -0.0233136
       3098.6371   -0.0235112
       3099.4661   -0.0237088
       3100.2951   -0.0239063
       3101.1240   -0.0241039
       3101.9530   -0.0243015
       3102.7820   -0.0244990
       3103.6110   -0.0246966
       3104.4390   -0.0248942
       3105.2680   -0.0250918
       3105.2730    0.0861418
       3106.1020    0.0859443
       3106.9260   -0.0254869
       3106.9310    0.0857467
       3107.7600    0.0855491
       3108.5880    0.0853515
       3109.4129   -0.0260796
       3110.2419   -0.0262772
       3111.0711   -0.0264748
       3111.0749    0.0847588
       3111.9039    0.0845613
       3112.7329    0.0843637
       3113.5621    0.0841661
       3114.3911    0.0839685
       3115.2151   -0.0274627
       3116.0440   -0.0276602
       3116.8730   -0.0278578
       3117.7020   -0.0280554
       3118.5310   -0.0282529
       3119.3590   -0.0284505
       3120.1880   -0.0286481
       3121.0170   -0.0288457
       3121.8460   -0.0290432
       3122.6749   -0.0292408
       3123.5039   -0.0294384
       3124.3329   -0.0296360
       3124.3370    0.0815976
       3125.1659    0.0814001
       3125.9949    0.0812025
       3126.8239    0.0810049
       3127.6529    0.0808074
       3128.4821    0.0806098
       3129.3111    0.0804122
       3130.1391    0.0802146
       3130.9681    0.0800171
       3131.7971    0.0798195
       3132.6261    0.0796219
       3133.4550    0.0794244
       3134.2840    0.0792268
       3135.1130    0.0790292
       3135.9420    0.0788316
       3136.7710    0.0786341
       3137.5990    0.0784365
       3138.4280    0.0782389
       3139.2570    0.0780413
       3140.0859    0.0778438
       3140.9149    0.0776462
       3141.7439    0.0774486
       3142.5731    0.0772510
       3143.4021    0.0770535
       3144.2311    0.0768559
       3145.0591    0.0766583
       3145.8881    0.0764608
       3146.7171    0.0762632
       3147.5461    0.0760656
       3148.3750    0.0758680
       3149.2040    0.0756705
       3150.0330    0.0754729
       3150.8620    0.0752753
       3151.6910    0.0750777
       3152.5190    0.0748802
       3153.3480    0.0746826
       3154.1770    0.0744850
       3155.0059    0.0742875
       3155.8349    0.0740899
       3156.6639    0.0738923
       3157.4931    0.0736947
       3158.3221    0.0734972
       3159.1499    0.0732996
       3159.9751   -0.0381316
       3160.8040   -0.0383292
       3161.6330   -0.0385267
       3162.4610   -0.0387243
       3163.2900   -0.0389219
       3164.1190   -0.0391195
       3164.9480   -0.0393170
       3165.7770   -0.0395146
       3166.6059   -0.0397122
       3166.6100    0.0715214
       3167.4390    0.0713239
       3168.2680    0.0711263
       3169.0969    0.0709287
       3169.9209   -0.0405025
       3169.9259    0.0707311
       3170.7549    0.0705336
       3171.5789   -0.0408976
       3172.4081   -0.0410952
       3173.2371   -0.0412928
       3174.0661   -0.0414903
       3174.8950   -0.0416879
       3175.7240   -0.0418855
       3176.5521   -0.0420831
       3177.3810   -0.0422806
       3178.2100   -0.0424782
       3179.0390   -0.0426758
       3179.8680   -0.0428733
       3180.6970   -0.0430709
       3181.5259   -0.0432685
       3182.3549   -0.0434661
       3183.1839   -0.0436636
       3184.0119   -0.0438612
       3184.8409   -0.0440588
       3185.6699   -0.0442563
       3186.4991   -0.0444539
       3187.3281   -0.0446515
       3188.1571   -0.0448491
       3188.1609    0.0663845
       3188.9901    0.0661870
       3189.8191    0.0659894
       3190.6481    0.0657918
       3191.4771    0.0655942
       3192.3060    0.0653967
       3193.1350    0.0651991
       3193.9590   -0.0462321
       3194.7880   -0.0464297
       3195.6170   -0.0466272
       3196.4459   -0.0468248
       3197.2749   -0.0470224
       3197.2790    0.0642112
       3198.1080    0.0640137
       3198.9369    0.0638161
       3199.7659    0.0636185
       3200.5949    0.0634209
       3201.4239    0.0632234
       3201.4279     0.174457
       3202.2481   -0.0482078
       3203.0771   -0.0484054
       3203.9061   -0.0486030
       3204.7350   -0.0488005
       3205.5631   -0.0489981
       3206.3920   -0.0491957
       3207.2210   -0.0493933
       3208.0500   -0.0495908
       3208.8790   -0.0497884
       3209.7080   -0.0499860
       3210.5370   -0.0501835
       3211.3659   -0.0503811
       3212.1940   -0.0505787
       3213.0229   -0.0507763
       3213.8519   -0.0509738
       3214.6809   -0.0511714
       3215.5099   -0.0513690
       3216.3391   -0.0515666
       3217.1681   -0.0517641
       3217.9971   -0.0519617
       3218.8261   -0.0521593
       3219.6541   -0.0523569
       3220.4831   -0.0525544
       3221.3120   -0.0527520
       3222.1410   -0.0529496
       3222.9700   -0.0531471
       3223.7990   -0.0533447
       3224.6280   -0.0535423
       3225.4570   -0.0537399
       3226.2859   -0.0539374
       3227.1140   -0.0541350
       3227.9429   -0.0543326
       3228.7719   -0.0545302
       3229.6009   -0.0547277
       3230.4299   -0.0549253
       3231.2591   -0.0551229
       3232.0881   -0.0553204
       3232.9171   -0.0555180
       3233.7451   -0.0557156
       3234.5741   -0.0559132
       3235.4031   -0.0561107
       3236.2320   -0.0563083
       3237.0610   -0.0565059
       3237.8900   -0.0567034
       3238.7190   -0.0569010
       3239.5480   -0.0570986
       3240.3769   -0.0572962
       3241.2050   -0.0574938
       3242.0340   -0.0576913
       3242.8629   -0.0578889
       3243.6919   -0.0580865
       3243.6969    0.0531471
       3244.5259    0.0529496
       3245.3539    0.0527520
       3246.1829    0.0525544
       3247.0119    0.0523569
       3247.8409    0.0521593
       3248.6701    0.0519617
       3249.4991    0.0517641
       3250.3281    0.0515666
       3251.1570    0.0513690
       3251.9860    0.0511714
       3252.8141    0.0509738
       3253.6430    0.0507763
       3254.4720    0.0505787
       3255.3010    0.0503811
       3256.1300    0.0501835
       3256.9590    0.0499860
       3257.7879    0.0497884
       3258.6169    0.0495908
       3259.4459    0.0493933
       3260.2739    0.0491957
       3261.1029    0.0489981
       3261.9319    0.0488005
       3262.7611    0.0486030
       3263.5901    0.0484054
       3264.4191    0.0482078
       3265.2481    0.0480102
       3266.0770    0.0478127
       3266.9051    0.0476151
       3267.7341    0.0474175
       3268.5630    0.0472200
       3269.3880   -0.0642112
       3270.2160   -0.0644088
       3271.0450   -0.0646064
       3271.8740   -0.0648040
       3272.7029   -0.0650015
       3273.5319   -0.0651991
       3274.3609   -0.0653967
       3275.1901   -0.0655942
       3276.0191   -0.0657918
       3276.8469   -0.0659894
       3277.6761   -0.0661870
       3278.5051   -0.0663845
       3279.3341   -0.0665821
       3280.1630   -0.0667797
       3280.1681    0.0444539
       3280.9970    0.0442563
       3281.8251    0.0440588
       3282.6540    0.0438612
       3283.4830    0.0436636
       3284.3120    0.0434661
       3285.1410    0.0432685
       3285.9700    0.0430709
       3286.7990    0.0428733
       3287.6279    0.0426758
       3288.4560    0.0424782
       3289.2849    0.0422806
       3290.1139    0.0420831
       3290.1189     0.153317
       3290.9479     0.153119
       3291.7769     0.152921
       3292.6011    0.0414903
       3293.4301    0.0412928
       3294.2591    0.0410952
       3295.0881    0.0408976
       3295.0921     0.152131
       3295.9211     0.151934
       3296.7501     0.151736
       3297.5791     0.151539
       3298.4080     0.151341
       3299.2370     0.151143
       3300.0650     0.150946
       3300.0700     0.262179
       3300.8990     0.261982
       3301.7280     0.261784
       3302.5520     0.150353
       3303.3810     0.150155
       3304.2099     0.149958
       3304.2140     0.261191
       3305.0430     0.260994
       3305.8720     0.260796
       3305.8770     0.372030
       3306.7060     0.371832
       3307.5349     0.371635
       3307.5390     0.482868
       3308.3680     0.482671
       3309.1969     0.482473
       3310.0259     0.482276
       3310.8549     0.482078
       3311.6839     0.481881
       3312.5131     0.481683
       3313.3409     0.481485
       3314.1699     0.481288
       3314.9991     0.481090
       3315.8281     0.480893
       3316.6571     0.480695
       3317.4860     0.480498
       3318.3150     0.480300
       3318.3191     0.591534
       3319.1481     0.591336
       3319.9770     0.591138
       3320.8060     0.590941
       3320.8110     0.702174
       3321.6400     0.701977
       3322.4680     0.701779
       3322.4730     0.813013
       3323.3020     0.812815
       3324.1310     0.812618
       3324.1351     0.923851
       3324.9640     0.923654
       3325.7930     0.923456
       3326.6220     0.923259
       3326.6270      1.03449
       3327.4560      1.03429
       3328.2840      1.03410
       3329.1130      1.03390
       3329.9379     0.922468
       3330.7660     0.922271
       3331.5949     0.922073
       3332.4201     0.810642
       3332.4239     0.921876
       3333.2529     0.921678
       3334.0819     0.921480
       3334.0869      1.03271
       3334.9149      1.03252
       3334.9199      1.14375
       3335.7489      1.14355
       3336.5779      1.14336
       3336.5819      1.25459
       3337.4109      1.25439
       3338.2399      1.25419
       3339.0689      1.25400
       3339.0739      1.36523
       3339.0779      1.47646
       3339.9069      1.47627
       3340.7359      1.47607
       3341.5649      1.47587
       3342.3941      1.47567
       3343.2231      1.47547
       3343.2269      1.58671
       3344.0559      1.58651
       3344.8851      1.58631
       3345.7141      1.58612
       3345.7191      1.69735
       3346.5481      1.69715
       3346.5519      1.80839
       3347.3811      1.80819
       3347.3859      1.91942
       3348.2151      1.91922
       3348.2189      2.03046
       3349.0479      2.03026
       3349.8771      2.03006
       3350.7061      2.02987
       3351.5351      2.02967
       3352.3641      2.02947
       3353.1921      2.02927
       3354.0211      2.02907
       3354.0261      2.14031
       3354.8551      2.14011
       3355.6840      2.13991
       3356.5130      2.13972
       3357.3411      2.13952
       3358.1700      2.13932
       3358.1750      2.25055
       3359.0040      2.25036
       3359.8330      2.25016
       3360.6620      2.24996
       3360.6660      2.36120
       3361.4950      2.36100
       3361.5000      2.47223
       3362.3290      2.47203
       3362.3331      2.58327
       3363.1620      2.58307
       3363.1670      2.69430
       3363.9960      2.69411
       3364.8241      2.69391
       3365.6530      2.69371
       3366.4870      2.80475
       3367.3160      2.80455
       3367.3201      2.91578
       3368.1490      2.91559
       3368.1540      3.02682
       3368.9830      3.02662
       3368.9871      3.13786
       3369.8161      3.13766
       3369.8249      3.36012
       3370.6541      3.35993
       3371.4831      3.35973
       3371.4881      3.47096
       3372.3171      3.47077
       3373.1461      3.47057
       3373.9741      3.47037
       3373.9791      3.58160
       3374.8081      3.58141
       3374.8131      3.69264
       3375.6411      3.69244
       3376.4751      3.80348
       3376.4801      3.91471
       3377.3079      3.91451
       3377.3129      4.02575
       3377.3179      4.13698
       3378.1469      4.13678
       3378.1509      4.24802
       3378.9799      4.24782
       3378.9849      4.35905
       3379.8139      4.35886
       3380.6469      4.46989
       3381.4809      4.58093
       3381.4850      4.69216
       3382.3230      4.91443
       3382.3280      5.02566
       3383.1570      5.02547
       3383.1611      5.13670
       3383.9900      5.13650
       3383.9951      5.24774
       3384.8240      5.24754
       3385.6530      5.24734
       3385.6571      5.35857
       3386.4861      5.35838
       3386.4911      5.46961
       3387.3200      5.46941
       3387.3241      5.58065
       3388.1669      5.91415
       3388.1719      6.02538
       3389.0049      6.13642
       3389.8430      6.35869
       3389.8480      6.46992
       3393.2371      8.24887
       3393.2419      8.36010
       3394.9180      8.80464
       3394.9230      8.91588
       3395.7510      8.91568
       3395.7610      9.13815
       3395.7651      9.24938
       3396.5940      9.24918
       3396.6031      9.47165
       3396.6081      9.58288
       3397.4371      9.58269
       3398.2661      9.58249
       3398.2699      9.69372
       3399.0991      9.69353
       3399.1179      10.1385
       3399.9469      10.1383
       3399.9560      10.3607
       3399.9600      10.4720
       3400.7890      10.4718
       3400.7940      10.5830
       3400.8400      11.6953
       3400.8491      11.9178
       3401.6781      11.9176
       3401.7100      12.6962
       3401.7200      12.9187
       3402.5481      12.9185
       3402.5760      13.5859
       3402.5850      13.8084
       3403.4140      13.8082
       3403.4419      14.4756
       3403.4460      14.5868
       3403.4510      14.6980
       3404.2799      14.6979
       3404.2940      15.0316
       3404.2981      15.1428
       3404.3031      15.2540
       3405.1321      15.2538
       3405.1371      15.3651
       3406.8170      15.9208
       3406.8220      16.0321
       3407.6741      16.5880
       3407.6779      16.6993
       3408.5350      17.3665
       3408.5441      17.5889
       3408.5491      17.7002
       3408.6320      19.7024
       3409.4379      19.1460
       3409.4560      19.5909
       3409.4610      19.7022
       3410.2900      19.7020
       3410.2941      19.8132
       3410.2991      19.9244
       3411.1280      19.9242
       3411.1321      20.0355
       3411.1831      21.2591
       3411.1879      21.3703
       3411.1919      21.4815
       3412.0581      22.3712
       3412.0669      22.5937
       3412.0719      22.7049
       3412.0760      22.8161
       3412.9050      22.8159
       3412.9419      23.7058
       3412.9610      24.1507
       3412.9701      24.3732
       3412.9741      24.4844
       3413.8031      24.4842
       3413.8081      24.5955
       3414.6650      25.2627
       3414.6781      25.5964
       3414.6831      25.7076
       3414.6881      25.8188
       3415.5350      26.2636
       3415.5400      26.3748
       3415.5490      26.5973
       3415.5860      27.4872
       3415.5951      27.7096
       3416.4240      27.7094
       3416.4281      27.8207
       3416.4610      28.5993
       3416.4741      28.9330
       3416.4791      29.0442
       3416.4841      29.1555
       3416.5070      29.7116
       3416.5111      29.8229
       3417.3400      29.8227
       3417.3450      29.9339
       3418.1740      29.9337
       3418.1781      30.0449
       3418.1831      30.1562
       3418.2889      32.7145
       3418.3071      33.1595
       3418.3121      33.2707
       3419.1411      33.2705
       3419.1921      34.4941
       3419.2150      35.0502
       3419.2240      35.2727
       3420.0530      35.2725
       3420.0900      36.1624
       3420.1081      36.6073
       3420.1169      36.8298
       3420.9459      36.8296
       3420.9969      38.0532
       3421.0010      38.1644
       3421.8299      38.1642
       3421.8760      39.2765
       3421.9000      39.8327
       3421.9091      40.0552
       3422.7381      40.0550
       3422.7560      40.4999
       3423.5849      40.4997
       3423.6400      41.8345
       3423.6679      42.5019
       3423.6820      42.8356
       3423.6910      43.0581
       3423.6960      43.1693
       3424.5241      43.1691
       3424.5889      44.7264
       3424.6070      45.1713
       3424.6120      45.2826
       3425.4410      45.2823
       3425.4961      46.6171
       3425.5240      47.2846
       3425.5381      47.6183
       3425.5421      47.7295
       3426.3711      47.7293
       3426.4269      49.0641
       3426.4450      49.5090
       3426.4500      49.6203
       3427.2790      49.6201
       3427.3429      51.1773
       3427.3710      51.8447
       3427.3889      52.2897
       3427.3939      52.4009
       3428.2229      52.4007
       3428.2639      53.4018
       3428.2689      53.5131
       3429.0979      53.5129
       3429.1620      55.0701
       3429.9910      55.0699
       3430.0511      56.5160
       3430.0830      57.2946
       3430.0921      57.5171
       3430.9211      57.5169
       3430.9809      58.9629
       3430.9950      59.2966
       3431.0000      59.4078
       3431.8290      59.4076
       3431.8790      60.6312
       3431.9069      61.2986
       3431.9210      61.6323
       3431.9251      61.7435
       3432.7540      61.7433
       3432.8101      63.0782
       3432.8330      63.6343
       3432.8370      63.7455
       3433.6660      63.7453
       3433.7211      65.0802
       3433.7490      65.7476
       3433.7630      66.0813
       3433.7721      66.3037
       3434.6011      66.3035
       3434.6521      67.5271
       3434.6609      67.7496
       3434.6659      67.8608
       3435.4949      67.8606
       3435.5540      69.3066
       3435.5731      69.7516
       3436.4021      69.7514
       3436.4390      70.6412
       3436.4431      70.7525
       3436.4481      70.8637
       3437.2771      70.8635
       3437.3040      71.5309
       3437.3181      71.8646
       3438.1471      71.8644
       3438.1981      73.0880
       3438.2119      73.4217
       3438.2160      73.5329
       3439.0450      73.5327
       3439.0869      74.5338
       3439.1050      74.9788
       3439.9340      74.9786
       3439.9800      76.0909
       3439.9941      76.4246
       3439.9991      76.5358
       3440.8269      76.5356
       3440.8550      77.2030
       3440.8641      77.4255
       3440.8691      77.5367
       3441.6981      77.5365
       3441.7391      78.5376
       3441.7479      78.7601
       3442.5769      78.7599
       3442.6141      79.6498
       3442.6279      79.9835
       3443.4569      79.9833
       3443.4750      80.4282
       3444.3040      80.4280
       3444.3460      81.4291
       3445.1749      81.4289
       3445.2021      82.0963
       3445.2071      82.2076
       3446.0361      82.2074
       3446.0590      82.7635
       3446.0731      83.0972
       3446.9020      83.0970
       3446.9199      83.5420
       3446.9249      83.6532
       3447.7539      83.6530
       3447.7720      84.0979
       3447.7770      84.2092
       3448.6051      84.2090
       3448.6239      84.6539
       3448.6289      84.7651
       3448.6330      84.8764
       3449.4619      84.8762
       3449.4801      85.3211
       3449.4851      85.4324
       3450.3140      85.4322
       3450.3281      85.7658
       3450.3319      85.8771
       3451.1609      85.8769
       3451.1800      86.3218
       3452.0090      86.3216
       3452.0221      86.6553
       3452.0271      86.7666
       3452.0321      86.8778
       3452.8611      86.8776
       3452.8649      86.9888
       3452.8699      87.1001
       3453.6991      87.0999
       3453.7029      87.2111
       3454.5319      87.2109
       3455.3609      87.2107
       3455.3659      87.3219
       3456.1951      87.3217
       3456.1989      87.4330
       3456.2039      87.5442
       3457.0329      87.5440
       3457.0420      87.7665
       3457.0460      87.8777
       3457.8750      87.8775
       3457.8800      87.9887
       3458.7090      87.9885
       3458.7131      88.0998
       3459.5420      88.0996
       3459.5470      88.2108
       3460.3760      88.2106
       3460.3801      88.3219
       3460.3851      88.4331
       3461.2141      88.4329
       3462.0430      88.4327
       3462.0471      88.5439
       3462.8761      88.5437
       3463.7051      88.5435
       3464.5340      88.5433
       3465.3580      88.4319
       3466.1870      88.4317
       3467.0160      88.4315
       3467.0210      88.5427
       3467.8500      88.5425
       3467.8540      88.6538
       3468.6830      88.6536
       3469.5120      88.6534
       3470.3410      88.6532
       3471.1699      88.6530
       3471.1740      88.7642
       3472.0030      88.7640
       3472.8320      88.7638
       3473.6559      88.6524
       3474.4849      88.6522
       3475.3139      88.6520
       3475.3230      88.8745
       3476.1519      88.8743
       3476.1569      88.9855
       3476.9859      88.9853
       3476.9900      89.0965
       3477.8190      89.0963
       3478.6479      89.0961
       3479.4769      89.0959
       3480.3059      89.0957
       3481.1349      89.0956
       3481.1389      89.2068
       3481.9679      89.2066
       3481.9729      89.3178
       3482.8019      89.3176
       3482.8060      89.4289
       3483.6349      89.4287
       3484.4639      89.4285
       3485.2929      89.4283
       3486.1169      89.3168
       3486.9461      89.3166
       3486.9511      89.4279
       3487.7801      89.4277
       3488.6091      89.4275
       3488.6129      89.5387
       3489.4421      89.5385
       3489.4471      89.6497
       3490.2761      89.6495
       3490.2799      89.7608
       3491.1089      89.7606
       3491.9381      89.7604
       3492.7621      89.6489
       3492.7671      89.7602
       3493.5961      89.7600
       3493.5999      89.8712
       3493.6049      89.9825
       3494.4341      89.9823
       3494.4429      90.2047
       3495.2719      90.2045
       3495.2769      90.3158
       3496.1050      90.3156
       3496.9299      90.2041
       3497.7491      89.9815
       3497.7541      90.0927
       3497.7591      90.2039
       3498.5690      89.7588
       3499.3980      89.7586
       3500.2220      89.6472
       3501.0459      89.5357
       3501.8711      89.4243
       3501.8799      89.6468
       3501.8849      89.7580
       3502.6810      88.9792
       3503.5100      88.9790
       3504.3340      88.8676
       3505.1630      88.8673
       3505.9919      88.8672
       3506.8121      88.6445
       3507.6361      88.5331
       3508.4600      88.4216
       3509.2850      88.3102
       3510.1089      88.1988
       3510.9329      88.0873
       3511.7619      88.0871
       3512.5861      87.9757
       3513.4151      87.9755
       3514.2350      87.7528
       3515.0640      87.7526
       3515.8880      87.6412
       3516.7120      87.5298
       3516.7170      87.6410
       3517.5321      87.3071
       3517.5371      87.4184
       3518.3520      87.0844
       3519.1810      87.0843
       3520.0090      87.0841
       3520.8340      86.9726
       3521.6630      86.9724
       3521.6670      87.0837
       3522.4819      86.7498
       3523.3071      86.6383
       3524.1311      86.5269
       3524.9550      86.4155
       3525.7790      86.3040
       3526.6080      86.3038
       3527.4370      86.3036
       3528.2609      86.1922
       3529.0861      86.0808
       3529.9101      85.9694
       3530.7391      85.9691
       3531.5681      85.9690
       3532.3920      85.8575
       3533.2160      85.7461
       3533.2210      85.8573
       3534.0359      85.5234
       3534.8599      85.4120
       3535.6891      85.4118
       3536.5181      85.4116
       3537.3421      85.3002
       3538.1711      85.3000
       3538.9910      85.0773
       3539.8200      85.0771
       3540.6489      85.0769
       3541.4729      84.9655
       3542.3019      84.9653
       3543.1261      84.8539
       3543.9551      84.8537
       3544.7841      84.8535
       3544.7879      84.9647
       3545.6171      84.9645
       3546.4461      84.9643
       3547.2701      84.8529
       3548.0990      84.8527
       3548.9280      84.8525
       3549.7570      84.8523
       3549.7620      84.9635
       3550.5910      84.9633
       3551.4190      84.9631
       3551.4240      85.0743
       3552.2530      85.0742
       3553.0820      85.0740
       3553.9010      84.8513
       3554.7299      84.8511
       3555.5589      84.8509
       3556.3879      84.8507
       3557.2169      84.8505
       3557.2219      84.9617
       3558.0511      84.9615
       3558.0599      85.1840
       3558.0640      85.2952
       3558.8930      85.2950
       3558.8980      85.4063
       3559.7270      85.4061
       3560.5559      85.4059
       3560.5600      85.5171
       3561.3890      85.5169
       3562.2180      85.5167
       3563.0469      85.5165
       3563.8759      85.5163
       3563.8800      85.6275
       3564.7089      85.6273
       3565.5379      85.6272
       3565.5429      85.7384
       3566.3719      85.7382
       3567.2009      85.7380
       3567.2050      85.8492
       3568.0339      85.8490
       3568.8629      85.8488
       3569.6919      85.8486
       3569.6959      85.9599
       3570.5249      85.9597
       3570.5299      86.0709
       3571.3589      86.0707
       3571.3630      86.1819
       3572.1920      86.1817
       3572.1970      86.2930
       3573.0259      86.2928
       3573.0300      86.4040
       3573.8590      86.4038
       3573.8640      86.5151
       3574.6930      86.5148
       3574.6970      86.6261
       3574.7020      86.7373
       3575.5310      86.7371
       3575.5351      86.8484
       3576.3640      86.8482
       3577.1930      86.8480
       3578.0220      86.8478
       3578.0270      86.9590
       3578.8560      86.9588
       3579.6840      86.9586
       3579.6890      87.0698
       3580.5180      87.0696
       3581.3470      87.0694
       3582.1760      87.0692
       3582.1800      87.1805
       3582.1850      87.2917
       3583.0140      87.2915
       3583.0181      87.4027
       3583.0231      87.5140
       3583.8521      87.5138
       3583.8571      87.6250
       3584.6851      87.6248
       3585.5141      87.6246
       3586.3390      87.5132
       3587.1680      87.5130
       3587.9960      87.5128
       3588.0010      87.6240
       3588.8300      87.6238
       3589.6590      87.6236
       3589.6630      87.7349
       3590.4920      87.7347
       3590.4970      87.8459
       3590.5011      87.9571
       3591.3301      87.9569
       3591.3351      88.0682
       3591.3401      88.1794
       3592.1681      88.1792
       3592.9971      88.1790
       3593.8261      88.1788
       3593.8311      88.2900
       3594.6600      88.2898
       3594.6641      88.4011
       3595.4931      88.4009
       3595.4981      88.5121
       3596.3271      88.5119
       3596.3309      88.6232
       3597.1601      88.6230
       3597.1651      88.7342
       3597.9941      88.7340
       3597.9979      88.8452
       3598.8269      88.8450
       3598.8319      88.9563
       3598.8359      89.0675
       3599.6649      89.0673
       3600.4939      89.0671
       3601.3229      89.0669
       3602.1471      88.9555
       3602.9761      88.9553
       3603.8010      88.8438
       3604.6250      88.7324
       3604.6290      88.8436
       3605.4580      88.8435
       3605.4630      88.9547
       3606.2920      88.9545
       3606.3011      89.1769
       3606.3061      89.2882
       3607.1341      89.2880
       3607.1391      89.3992
       3607.9681      89.3990
       3607.9819      89.7327
       3608.8109      89.7325
       3609.6399      89.7323
       3610.4679      89.7321
       3611.2969      89.7319
       3611.3019      89.8432
       3612.1311      89.8430
       3612.9601      89.8428
       3612.9639      89.9540
       3613.7929      89.9538
       3614.6221      89.9536
       3615.4511      89.9534
       3616.2801      89.9532
       3617.1091      89.9530
       3617.9380      89.9528
       3618.7670      89.9526
       3619.5951      89.9524
       3620.4200      89.8410
       3621.2490      89.8408
       3621.2530      89.9520
       3622.0820      89.9518
       3622.0870      90.0631
       3622.9160      90.0629
       3623.7440      90.0627
       3623.7490      90.1739
       3624.5780      90.1737
       3624.5830      90.2849
       3624.5871      90.3962
       3625.4160      90.3960
       3626.2400      90.2845
       3627.0690      90.2843
       3627.8980      90.2841
       3628.7270      90.2840
       3628.7320      90.3952
       3629.5600      90.3950
       3630.3890      90.3948
       3630.3940      90.5060
       3631.2230      90.5058
       3632.0519      90.5056
       3632.0560      90.6169
       3632.0610      90.7281
       3632.8900      90.7279
       3633.7190      90.7277
       3634.5479      90.7275
       3635.3719      90.6161
       3635.3769      90.7273
       3636.2050      90.7271
       3637.0339      90.7269
       3637.0389      90.8381
       3637.8679      90.8380
       3637.8720      90.9492
       3638.7010      90.9490
       3639.5299      90.9488
       3640.3539      90.8373
       3640.3589      90.9486
       3641.1879      90.9484
       3642.0169      90.9482
       3642.8461      90.9480
       3642.8499      91.0592
       3643.6789      91.0590
       3644.5079      91.0588
       3645.3371      91.0586
       3646.1661      91.0584
       3646.9901      90.9470
       3646.9951      91.0582
       3647.8240      91.0580
       3648.6521      91.0579
       3649.4811      91.0576
       3649.4861      91.1689
       3650.3150      91.1687
       3650.3191      91.2799
       3651.1481      91.2797
       3651.1531      91.3910
       3651.9821      91.3908
       3652.8111      91.3906
       3653.6400      91.3904
       3654.4640      91.2789
       3655.2930      91.2787
       3656.1220      91.2785
       3656.9510      91.2783
       3656.9550      91.3896
       3657.7840      91.3894
       3658.6130      91.3892
       3659.4419      91.3890
       3660.2709      91.3888
       3661.0949      91.2774
       3661.9239      91.2772
       3662.7531      91.2769
       3663.5821      91.2768
       3664.4111      91.2766
       3664.4149      91.3878
       3665.2441      91.3876
       3666.0681      91.2762
       3666.8971      91.2760
       3667.7210      91.1645
       3667.7260      91.2758
       3668.5550      91.2756
       3669.3840      91.2754
       3670.2130      91.2752
       3671.0420      91.2750
       3671.8700      91.2748
       3672.6990      91.2746
       3672.7040      91.3858
       3673.5330      91.3856
       3674.3619      91.3854
       3675.1909      91.3852
       3676.0199      91.3850
       3676.8439      91.2736
       3677.6681      91.1622
       3677.6731      91.2734
       3678.4880      90.9395
       3679.3170      90.9393
       3680.1360      90.7166
       3680.9559      90.4940
       3681.7851      90.4938
       3682.6141      90.4936
       3683.4431      90.4934
       3684.2711      90.4932
       3685.1001      90.4930
       3685.9291      90.4928
       3686.7580      90.4926
       3687.5870      90.4924
       3688.4160      90.4922
       3689.2400      90.3808
       3689.2450      90.4920
       3690.0740      90.4918
       3690.9029      90.4916
       3691.7310      90.4914
       3692.5600      90.4912
       3692.5650      90.6024
       3693.3801      90.2685
       3694.2041      90.1571
       3695.0331      90.1569
       3695.8570      90.0455
       3696.6860      90.0453
       3697.5110      89.9339
       3697.5150      90.0451
       3698.3440      90.0449
       3699.1730      90.0447
       3700.0020      90.0445
       3700.0060      90.1557
       3700.8350      90.1555
       3700.8400      90.2668
       3701.6690      90.2666
       3701.6730      90.3778
       3702.5020      90.3776
       3702.5070      90.4888
       3702.5120      90.6001
       3703.3310      90.3774
       3704.1550      90.2660
       3704.9661      89.8208
       3709.9390      89.8197
       3710.7680      89.8195
       3711.5970      89.8193
       3712.4259      89.8191
       3712.4310      89.9303
       3712.4350      90.0415
       3713.2320      89.2627
       3713.2361      89.3739
       3714.0510      89.0400
       3714.8759      88.9286
       3715.7049      88.9284
       3716.5289      88.8170
       3717.3581      88.8168
       3717.3619      88.9280
       3718.1909      88.9278
       3719.0199      88.9276
       3719.8491      88.9274
       3719.8541      89.0387
       3720.6640      88.5935
       3721.4839      88.3708
       3722.3079      88.2594
       3723.1319      88.1480
       3723.9611      88.1478
       3723.9659      88.2590
       3724.7951      88.2588
       3725.6241      88.2586
       3725.6329      88.4811
       3725.6370      88.5923
       3726.4431      88.0360
       3727.2670      87.9245
       3728.0960      87.9243
       3728.9250      87.9241
       3729.7540      87.9239
       3730.5830      87.9237
       3731.4119      87.9236
       3732.2409      87.9233
       3733.0699      87.9231
       3733.8991      87.9230
       3733.9029      88.0342
       3734.7319      88.0340
       3734.7369      88.1452
       3735.5659      88.1450
       3736.3939      88.1448
       3737.2191      88.0334
       3738.0431      87.9220
       3738.8670      87.8105
       3739.6960      87.8103
       3740.5200      87.6989
       3740.5250      87.8101
       3741.3540      87.8099
       3741.3580      87.9212
       3742.1870      87.9210
       3743.0160      87.9208
       3743.8450      87.9206
       3744.6740      87.9204
       3745.5029      87.9202
       3746.3319      87.9200
       3747.1609      87.9198
       3747.9899      87.9196
       3748.8179      87.9194
       3748.8229      88.0306
       3749.6519      88.0304
       3749.6569      88.1417
       3750.4849      88.1415
       3751.3139      88.1413
       3751.3189      88.2525
       3752.1479      88.2523
       3752.9719      88.1409
       3753.7961      88.0294
       3754.6251      88.0293
       3755.4541      88.0291
       3756.2830      88.0288
       3757.1120      88.0287
       3757.9360      87.9172
       3758.7650      87.9170
       3759.5940      87.9168
       3760.4229      87.9166
       3760.4270      88.0279
       3761.2560      88.0277
       3762.0850      88.0275
       3762.9139      88.0273
       3762.9189      88.1385
       3762.9230      88.2497
       3763.7520      88.2495
       3764.5810      88.2494
       3764.5860      88.3606
       3765.4150      88.3604
       3765.4190      88.4716
       3766.2480      88.4714
       3766.2530      88.5826
       3767.0820      88.5825
       3767.0910      88.8049
       3767.9200      88.8047
       3767.9241      88.9160
       3767.9291      89.0272
       3768.7581      89.0270
       3769.5870      89.0268
       3770.4160      89.0266
       3771.2440      89.0264
       3771.2491      89.1376
       3772.0780      89.1374
       3772.0830      89.2487
       3772.9111      89.2485
       3772.9161      89.3597
       3773.7451      89.3595
       3773.7501      89.4707
       3774.5781      89.4705
       3774.5831      89.5818
       3775.4121      89.5816
       3776.2361      89.4702
       3777.0510      89.1363
       3777.8800      89.1360
       3778.7039      89.0246
       3779.5329      89.0244
       3780.3619      89.0242
       3781.1911      89.0240
       3782.0201      89.0238
       3782.0251      89.1351
       3782.8529      89.1349
       3782.8670      89.4686
       3783.6959      89.4684
       3783.7050      89.6908
       3784.5340      89.6906
       3785.3630      89.6904
       3785.3680      89.8017
       3786.1831      89.4678
       3787.0071      89.3564
       3787.8311      89.2449
       3788.6600      89.2447
       3789.4800      89.0220
       3789.4850      89.1333
       3790.3130      89.1331
       3791.1420      89.1329
       3791.9710      89.1327
       3792.7999      89.1325
       3792.8050      89.2437
       3793.6339      89.2435
       3794.4579      89.1321
       3795.2869      89.1319
       3795.2909      89.2431
       3796.1199      89.2429
       3796.9489      89.2427
       3797.7779      89.2425
       3798.6071      89.2423
       3799.4361      89.2421
       3800.2651      89.2420
       3801.0941      89.2418
       3801.9221      89.2416
       3802.7511      89.2414
       3803.5800      89.2412
       3803.5851      89.3524
       3804.4140      89.3522
       3805.2430      89.3520
       3806.0710      89.3518
       3806.0811      89.5743
       3806.0851      89.6855
       3806.9141      89.6853
       3807.7431      89.6851
       3808.5721      89.6849
       3808.5771      89.7961
       3809.4051      89.7960
       3810.2341      89.7958
       3810.2391      89.9070
       3811.0681      89.9068
       3811.8970      89.9066
       3812.7260      89.9064
       3813.5540      89.9062
       3813.5591      90.0174
       3814.3880      90.0172
       3815.2170      90.0170
       3816.0460      90.0168
       3816.8750      90.0166
       3817.6990      89.9052
       3818.5229      89.7938
       3819.3519      89.7936
       3820.1809      89.7934
       3820.1859      89.9046
       3821.0139      89.9044
       3821.0189      90.0156
       3821.8479      90.0154
       3821.8520      90.1267
       3821.8570      90.2379
       3822.6860      90.2377
       3822.6910      90.3490
       3823.5190      90.3488
       3823.5290      90.5712
       3823.5331      90.6825
       3824.3620      90.6823
       3824.3670      90.7935
       3825.1960      90.7933
       3826.0250      90.7931
       3826.8530      90.7929
       3827.6780      90.6815
       3828.4969      90.4588
       3829.3259      90.4586
       3830.1549      90.4584
       3830.9791      90.3470
       3831.8081      90.3468
       3831.8131      90.4580
       3832.6280      90.1241
       3833.4570      90.1239
       3834.2810      90.0125
       3835.1099      90.0123
       3835.9389      90.0121
       3836.7541      89.6782
       3837.5831      89.6780
       3838.4120      89.6778
       3838.4161      89.7890
       3839.2451      89.7888
       3839.2501      89.9001
       3840.0791      89.8999
       3840.9081      89.8997
       3840.9121      90.0109
       3841.7411      90.0107
       3842.5701      90.0105
       3843.3990      90.0103
       3844.2280      90.0101
       3845.0429      89.6762
       3845.8669      89.5648
       3846.6959      89.5646
       3846.7009      89.6758
       3847.5289      89.6756
       3847.5339      89.7869
       3847.5430      90.0093
       3850.8589      90.0085
       3850.8630      90.1198
       3854.1651      89.7853
       3854.9941      89.7851
       3855.8230      89.7849
       3856.6520      89.7847
       3857.4810      89.7845
       3857.4851      89.8957
       3857.4901      90.0070
       3858.3190      90.0068
       3858.3231      90.1180
       3859.1521      90.1178
       3859.1571      90.2290
       3859.9861      90.2288
       3860.8150      90.2286
       3860.8191      90.3399
       3861.6481      90.3397
       3862.4721      90.2282
       3864.1260      90.1166
       3864.9540      90.1164
       3865.7701      89.7825
       3866.5979      89.7823
       3867.4271      89.7821
       3868.2561      89.7819
       3868.2699      90.1156
       3869.0989      90.1154
       3869.1039      90.2267
       3869.9319      90.2265
       3869.9369      90.3377
       3870.7659      90.3375
       3871.5949      90.3373
       3875.7119      89.6689
       3876.5399      89.6687
       3876.5450      89.7799
       3876.5500      89.8912
       3877.3789      89.8910
       3877.3921      90.2247
       3877.3971      90.3359
       3878.2260      90.3357
       3878.2301      90.4470
       3879.0591      90.4467
       3879.0641      90.5580
       3879.8931      90.5578
       3879.8971      90.6690
       3880.7130      90.3351
       3880.7170      90.4464
       3881.5320      90.1125
       3882.3609      90.1123
       3883.1899      90.1121
       3884.0189      90.1119
       3884.8481      90.1117
       3885.6771      90.1115
       3885.6809      90.2227
       3886.5099      90.2225
       3886.5149      90.3337
       3887.3439      90.3335
       3888.1719      90.3334
       3889.0009      90.3332
       3889.8301      90.3329
       3889.8349      90.4442
       3890.6641      90.4440
       3890.6679      90.5552
       3891.4969      90.5550
       3892.3261      90.5548
       3892.3309      90.6661
       3893.1601      90.6659
       3893.9841      90.5544
       3894.8081      90.4430
       3895.6320      90.3316
       3896.4610      90.3314
       3897.2900      90.3312
       3897.2950      90.4424
       3898.1240      90.4422
       3898.1280      90.5534
       3898.1330      90.6647
       3898.9620      90.6645
       3898.9661      90.7757
       3899.7951      90.7755
       3899.8001      90.8867
       3900.6290      90.8866
       3900.6331      90.9978
       3901.4621      90.9976
       3902.2870      90.8861
       3903.1150      90.8860
       3903.9400      90.7745
       3904.7689      90.7743
       3905.5979      90.7741
       3905.6020      90.8854
       3906.4310      90.8852
       3907.2599      90.8850
       3907.2640      90.9962
       3908.0930      90.9960
       3908.9220      90.9958
       3908.9270      91.1070
       3909.7559      91.1068
       3910.5799      90.9954
       3911.4089      90.9952
       3912.2331      90.8838
       3913.0621      90.8836
       3913.0671      90.9948
       3913.8961      90.9946
       3913.9049      91.2171
       3914.7339      91.2169
       3914.7429      91.4394
       3915.5719      91.4392
       3915.5760      91.5504
       3916.4050      91.5502
       3916.4100      91.6614
       3917.2390      91.6612
       3918.0629      91.5498
       3918.8869      91.4384
       3919.7159      91.4382
       3920.5451      91.4380
       3921.3691      91.3265
       3922.1981      91.3263
       3923.0270      91.3261
       3923.8560      91.3260
       3923.8610      91.4372
       3924.6900      91.4370
       3924.6941      91.5482
       3925.5230      91.5480
       3926.3520      91.5478
       3927.1810      91.5476
       3927.1851      91.6589
       3928.0140      91.6587
       3928.8390      91.5472
       3928.8430      91.6585
       3929.6579      91.3246
       3930.4869      91.3244
       3931.3159      91.3242
       3932.1451      91.3240
       3932.9691      91.2125
       3933.7981      91.2123
       3933.8031      91.3236
       3934.6321      91.3234
       3935.4601      91.3232
       3936.2891      91.3230
       3937.1181      91.3228
       3937.9420      91.2114
       3937.9470      91.3226
       3938.7619      90.9887
       3939.5909      90.9885
       3940.4111      90.7658
       3941.2401      90.7656
       3942.0681      90.7654
       3942.0731      90.8767
       3942.9021      90.8765
       3942.9071      90.9877
       3943.7349      90.9875
       3944.5641      90.9873
       3945.3840      90.7646
       3946.2080      90.6532
       3947.0329      90.5418
       3947.8569      90.4304
       3948.6859      90.4302
       3949.5151      90.4300
       3950.3429      90.4298
       3951.1721      90.4296
       3952.0011      90.4294
       3952.8251      90.3179
       3953.6500      90.2065
       3954.4790      90.2063
       3955.3080      90.2061
       3955.3120      90.3173
       3956.1410      90.3171
       3956.1460      90.4284
       3956.9750      90.4282
       3957.8030      90.4280
       3957.8080      90.5392
       3958.6279      90.3166
       3959.4340      89.7602
       3960.2621      89.7600
       3961.0910      89.7598
       3961.0960      89.8710
       3961.1011      89.9823
       3961.9291      89.9821
       3962.7581      89.9819
       3963.5870      89.9817
       3964.4160      89.9815
       3965.2450      89.9813
       3966.0740      89.9811
       3966.8930      89.7584
       3966.9030      89.9809
       3966.9070      90.0921
       3967.7360      90.0919
       3968.5280      89.2018
       3969.3570      89.2017
       3970.1810      89.0902
       3970.1860      89.2014
       3971.0150      89.2012
       3971.8390      89.0898
       3972.6629      88.9784
       3973.4919      88.9782
       3973.4969      89.0894
       3973.5019      89.2007
       3974.3071      88.6443
       3975.1360      88.6441
       3975.9560      88.4214
       3975.9610      88.5327
       3976.7759      88.1988
       3977.6001      88.0873
       3978.4241      87.9759
       3979.2480      87.8645
       3980.0770      87.8643
       3980.9060      87.8641
       3980.9110      87.9753
       3981.7400      87.9751
       3981.7441      88.0863
       3982.5730      88.0862
       3982.5780      88.1974
       3983.4070      88.1972
       3984.2360      88.1970
       3984.2401      88.3082
       3985.0550      87.9743
       3985.8840      87.9741
       3986.7129      87.9739
       3987.5369      87.8625
       3988.3621      87.7511
       3988.3659      87.8623
       3988.3709      87.9735
       3989.1810      87.5284
       3990.0100      87.5282
       3990.8340      87.4168
       3991.6630      87.4166
       3992.4920      87.4164
       3993.3159      87.3049
       3994.1449      87.3047
       3994.9651      87.0821
       3995.7891      86.9706
       3996.6130      86.8592
       3997.4420      86.8590
       3998.2710      86.8588
       3999.0909      86.6362
       3999.0959      86.7474
       3999.9239      86.7472
       4000.7529      86.7470
       4001.5821      86.7468
       4002.4109      86.7466
       4003.2401      86.7464
       4004.0689      86.7462
       4004.8981      86.7460
       4004.9019      86.8572
       4005.7311      86.8570
       4006.5598      86.8568
       4007.3891      86.8567
       4008.2178      86.8565
       4009.0470      86.8563
       4009.0508      86.9675
       4009.8801      86.9673
       4010.7088      86.9671
       4011.5380      86.9669
       4012.3668      86.9667
       4013.1912      86.8553
       4014.0200      86.8551
       4014.8492      86.8549
       4014.8540      86.9661
       4015.6822      86.9659
       4015.6870      87.0771
       4016.5162      87.0770
       4016.5210      87.1882
       4017.3488      87.1880
       4018.1780      87.1878
       4019.0072      87.1876
       4019.8359      87.1874
       4020.6652      87.1872
       4021.4939      87.1870
       4022.3231      87.1868
       4023.1519      87.1866
       4023.1562      87.2978
       4023.9849      87.2976
       4023.9902      87.4089
       4024.8189      87.4087
       4024.8232      87.5199
       4025.6519      87.5197
       4025.6572      87.6309
       4026.4859      87.6307
       4026.4902      87.7420
       4026.4950      87.8532
       4027.3242      87.8530
       4027.3280      87.9642
       4027.3328      88.0755
       4028.1620      88.0753
       4028.1711      88.2978
       4028.9998      88.2975
       4029.0051      88.4088
       4029.0089      88.5200
       4029.8381      88.5198
       4029.8429      88.6311
       4030.6711      88.6309
       4031.4999      88.6307
       4032.3291      88.6305
       4033.1578      88.6303
       4033.9870      88.6301
       4034.8158      88.6299
       4034.8210      88.7411
       4035.6488      88.7409
       4036.4780      88.7407
       4036.4828      88.8519
       4037.3120      88.8518
       4038.1408      88.8515
       4038.1451      88.9628
       4038.9738      88.9626
       4039.8030      88.9624
       4040.6318      88.9622
       4041.4610      88.9620
       4042.2850      88.8506
       4043.1089      88.7391
       4043.9382      88.7389
       4043.9429      88.8502
       4044.7721      88.8500
       4044.7760      88.9612
       4045.6052      88.9610
       4045.6100      89.0722
       4046.4392      89.0720
       4046.4482      89.2945
       4047.2770      89.2943
       4047.2808      89.4055
       4048.1100      89.4053
       4048.1200      89.6278
       4048.1238      89.7391
       4048.9531      89.7389
       4049.7870      89.8499
       4050.6148      89.8497
       4050.6201      89.9609
       4051.4488      89.9607
       4051.4541      90.0720
       4051.4579      90.1832
       4054.7600      89.8487
       4054.7638      89.9599
       4055.5930      89.9597
       4055.5978      90.0710
       4055.6030      90.1822
       4056.4308      90.1820
       4056.4408      90.4045
       4056.4451      90.5157
       4056.4499      90.6269
       4057.2791      90.6267
       4057.2829      90.7380
       4057.2882      90.8492
       4058.1169      90.8490
       4058.1222      90.9602
       4058.1260      91.0715
       4058.9552      91.0713
       4058.9600      91.1825
       4059.7882      91.1823
       4060.6170      91.1821
       4061.4462      91.1819
       4062.2749      91.1817
       4063.1042      91.1815
       4063.1089      91.2928
       4063.9381      91.2926
       4063.9472      91.5150
       4063.9510      91.6263
       4064.7802      91.6261
       4064.7888      91.8485
       4064.7941      91.9598
       4065.6228      91.9596
       4065.6281      92.0708
       4066.4558      92.0706
       4067.2851      92.0704
       4068.1138      92.0702
       4068.9378      91.9588
       4068.9430      92.0700
       4069.7718      92.0698
       4070.6010      92.0696
       4071.4302      92.0694
       4071.4340      92.1806
       4072.2628      92.1805
       4072.2680      92.2917
       4073.0972      92.2915
       4073.1010      92.4027
       4073.9298      92.4025
       4074.7590      92.4023
       4075.5882      92.4021
       4076.4170      92.4019
       4077.2462      92.4017
       4078.0749      92.4015
       4078.8989      92.2901
       4078.9042      92.4013
       4079.7191      92.0674
       4079.7229      92.1787
       4080.5378      91.8448
       4081.3670      91.8446
       4082.1872      91.6219
       4082.1910      91.7331
       4083.0021      91.2880
       4083.8261      91.1766
       4083.8308      91.2878
       4084.6272      90.5090
       4085.4559      90.5088
       4086.2761      90.2861
       4087.0910      89.9522
       4087.9111      89.7296
       4087.9202      89.9520
       4087.9240      90.0633
       4088.7122      89.0620
       4089.5410      89.0618
       4090.3602      88.8391
       4090.3649      88.9503
       4091.1798      88.6164
       4091.9909      88.1713
       4092.8059      87.8374
       4092.8192      88.1711
       4092.8292      88.3936
       4092.8330      88.5048
       4093.5979      86.9473
       4094.4128      86.6134
       4094.4219      86.8359
       4094.4262      86.9471
       4095.1948      85.5009
       4095.2091      85.8346
       4095.2182      86.0571
       4095.2229      86.1683
       4095.9969      84.8333
       4096.0059      85.0558
       4096.0102      85.1670
       4096.8070      84.3882
       4097.6219      84.0543
       4097.6310      84.2767
       4097.6362      84.3880
       4098.4192      83.2754
       4099.2289      82.8303
       4100.0118      81.7178
       4100.8220      81.2727
       4100.8320      81.4951
       4100.8358      81.6064
       4100.8410      81.7176
       4101.5868      79.7152
       4101.6102      80.2713
       4101.6188      80.4938
       4101.6240      80.6050
       4101.6278      80.7163
       4102.4342      80.1599
       4103.1661      77.8238
       4103.9810      77.4899
       4103.9948      77.8236
       4104.0039      78.0461
       4104.0092      78.1573
       4104.7592      76.2662
       4105.5608      75.5985
       4105.5789      76.0435
       4105.5880      76.2660
       4105.5932      76.3772
       4106.3299      74.1523
       4106.3571      74.8197
       4106.3709      75.1534
       4106.3800      75.3759
       4106.3852      75.4871
       4107.1029      72.8173
       4107.9001      72.0385
       4107.9230      72.5947
       4107.9321      72.8171
       4107.9369      72.9284
       4107.9412      73.0396
       4108.6502      70.1473
       4109.4508      69.4797
       4109.4751      70.0359
       4109.4842      70.2583
       4109.4880      70.3696
       4109.4928      70.4808
       4110.2071      67.6998
       4110.2300      68.2559
       4110.2438      68.5896
       4110.2481      68.7009
       4110.2529      68.8121
       4110.9710      66.1423
       4110.9891      66.5872
       4110.9991      66.8097
       4111.0029      66.9209
       4111.0082      67.0322
       4111.7539      65.0298
       4111.7721      65.4747
       4111.7811      65.6972
       4111.7859      65.8084
       4111.7911      65.9196
       4112.5369      63.9172
       4113.3518      63.5833
       4113.3652      63.9170
       4113.3752      64.1395
       4113.3790      64.2507
       4114.1248      62.2483
       4114.1481      62.8045
       4114.1572      63.0270
       4114.1620      63.1382
       4114.1672      63.2494
       4114.8849      60.5796
       4114.9082      61.1358
       4114.9220      61.4695
       4114.9259      61.5807
       4114.9311      61.6920
       4115.6678      59.4671
       4116.4742      58.9107
       4116.4870      59.2444
       4116.4918      59.3557
       4116.4970      59.4669
       4116.5199      60.0231
       4116.5242      60.1343
       4116.5290      60.2455
       4117.2152      56.7971
       4117.2328      57.2420
       4117.2419      57.4645
       4117.2471      57.5757
       4117.2519      57.6870
       4117.9929      55.5733
       4118.0110      56.0183
       4118.0210      56.2407
       4118.0248      56.3520
       4118.0301      56.4632
       4118.7801      54.5720
       4118.7992      55.0170
       4118.8078      55.2394
       4118.8130      55.3507
       4118.8169      55.4619
       4119.5450      53.0146
       4119.5631      53.4595
       4119.5722      53.6820
       4119.5769      53.7932
       4119.5822      53.9044
       4120.3370      52.1245
       4120.3551      52.5694
       4120.3642      52.7919
       4120.3690      52.9031
       4121.1100      50.7895
       4121.1290      51.2344
       4121.1381      51.4569
       4121.1429      51.5681
       4121.1472      51.6794
       4121.9158      50.2331
       4121.9211      50.3444
       4121.9249      50.4556
       4122.6478      47.8970
       4122.6711      48.4532
       4122.6850      48.7869
       4122.6902      48.8981
       4122.6940      49.0094
       4123.4031      46.1171
       4123.4260      46.6733
       4123.4360      46.8957
       4123.4398      47.0070
       4123.4450      47.1182
       4124.1679      44.5596
       4124.1908      45.1158
       4124.2051      45.4495
       4124.2089      45.5607
       4124.2142      45.6720
       4124.9318      43.0022
       4124.9461      43.3359
       4124.9552      43.5583
       4124.9599      43.6696
       4125.7148      41.8896
       4125.7238      42.1121
       4125.7291      42.2233
       4126.4791      40.3322
       4127.3031      40.2207
       4127.3131      40.4432
       4127.3170      40.5544
       4128.0541      38.3296
       4128.0718      38.7745
       4128.0818      38.9970
       4128.0861      39.1082
       4128.8180      36.7721
       4128.8228      36.8833
       4129.6101      35.8820
       4130.4212      35.4369
       4130.4302      35.6594
       4130.4350      35.7706
       4130.4388      35.8818
       4131.1898      33.9907
       4131.1989      34.2131
       4131.2032      34.3244
       4131.2079      34.4356
       4131.9680      32.7669
       4131.9771      32.9894
       4131.9818      33.1006
       4132.7372      31.3207
       4132.7410      31.4319
       4132.7462      31.5431
       4133.5149      30.0969
       4134.3441      30.0967
       4134.3479      30.2079
       4135.0851      27.9831
       4135.0942      28.2055
       4135.0989      28.3168
       4135.1042      28.4280
       4135.8728      26.9818
       4135.8910      27.4267
       4135.9000      27.6492
       4135.9048      27.7604
       4136.6649      26.0917
       4136.6739      26.3142
       4136.6782      26.4254
       4137.4569      25.2016
       4137.4612      25.3129
       4139.0448      23.5327
       4139.0538      23.7552
       4139.0591      23.8664
       4139.0638      23.9777
       4139.8511      22.9764
       4139.8559      23.0876
       4140.6608      22.5312
       4140.6660      22.6425
       4142.2591      21.0848
       4143.0469      20.0835
       4143.8708      19.9721
       4144.6862      19.6382
       4144.6910      19.7494
       4144.6948      19.8606
       4145.5240      19.8604
       4146.2841      18.1917
       4146.2879      18.3030
       4146.2932      18.4142
       4147.0852      17.5241
       4147.8262      15.4105
       4148.6368      14.9654
       4149.4470      14.5202
       4149.4522      14.6315
       4150.2442      13.7414
       4150.2481      13.8526
       4151.0639      13.5187
       4151.8788      13.1848
       4151.8831      13.2961
       4152.6942      12.8509
       4152.6980      12.9622
       4152.7028      13.0734
       4154.3102      11.8494
       4155.8890      9.95807
       4156.7140      9.84664
       4157.5422      9.84645
       4157.5470      9.95768
       4158.3529      9.40131
       4159.9689      8.39982
       4162.4141      7.39812
       4171.4120      4.50387
       4172.2369      4.39244
       4173.0652      4.39225
       4173.8901      4.28081
       4174.7189      4.28062
       4175.5381      4.05795
       4178.8311      3.50099
       4179.6598      3.50080
       4180.4838      3.38936
       4181.3130      3.38917
       4182.1370      3.27774
       4182.9662      3.27754
       4183.7902      3.16611
       4187.0780      2.49792
       4187.9020      2.38648
       4188.7221      2.16382
       4189.5461      2.05239
       4190.3749      2.05219
       4191.2041      2.05199
       4192.0328      2.05180
       4192.8620      2.05160
       4193.6860      1.94017
       4194.5100      1.82874
       4195.3392      1.82854
       4196.1679      1.82834
       4196.9919      1.71691
       4197.8211      1.71671
       4198.6408      1.49405
       4199.4700      1.49385
       4200.2940      1.38242
       4201.1180      1.27099
       4201.9472      1.27079
       4202.7721      1.15936
       4203.5999      1.15916
       4204.4291      1.15896
       4205.2579      1.15877
       4206.0871      1.15857
       4206.9111      1.04714
       4207.7360     0.935706
       4208.5509     0.601807
       4209.3749     0.490376
       4210.2041     0.490179
       4211.0281     0.378747
       4211.8568     0.378550
       4211.8621     0.489783
       4212.6908     0.489586
       4212.6951     0.600820
       4215.1999      1.04516
       4216.0292      1.04496
       4216.0339      1.15620
       4216.8632      1.15600
       4217.6909      1.15580
       4218.5159      1.04437
       4219.3398     0.932940
       4220.1691     0.932742
       4220.9930     0.821311
       4221.8132     0.598646
       4222.6419     0.598449
       4223.4712     0.598251
       4224.2999     0.598054
       4224.3042     0.709287
       4225.1329     0.709090
       4225.1382     0.820323
       4225.9660     0.820126
       4226.7909     0.708694
       4227.6201     0.708497
       4228.4441     0.597066
       4229.2638     0.374401
       4230.0920     0.374203
       4230.9208     0.374006
       4231.7500     0.373808
       4232.5792     0.373611
       4233.4032     0.262179
       4234.2281     0.150748
       4234.2319     0.261982
       4235.0469   -0.0719166
       4235.8761   -0.0721141
       4236.7048   -0.0723117
       4237.5340   -0.0725093
       4238.3628   -0.0727069
       4239.1920   -0.0729044
       4240.0212   -0.0731020
       4240.8500   -0.0732996
       4241.6782   -0.0734972
       4242.5070   -0.0736947
       4243.3362   -0.0738923
       4244.1649   -0.0740899
       4244.9942   -0.0742875
       4245.8229   -0.0744850
       4246.6521   -0.0746826
       4247.4809   -0.0748802
       4248.3091   -0.0750777
       4249.1379   -0.0752753
       4249.9671   -0.0754729
       4250.7958   -0.0756705
       4250.8011    0.0355631
       4251.6298    0.0353656
       4252.4590    0.0351680
       4253.2868    0.0349704
       4254.1161    0.0347729
       4254.9448    0.0345753
       4255.7688   -0.0768559
       4256.5980   -0.0770535
       4257.4272   -0.0772510
       4258.2560   -0.0774486
       4259.0852   -0.0776462
       4259.9139   -0.0778438
       4260.7431   -0.0780413
       4260.7470    0.0331923
       4261.5762    0.0329947
       4262.4049    0.0327971
       4263.2341    0.0325995
       4264.0629    0.0324020
       4264.8921    0.0322044
       4265.7208    0.0320068
       4266.5501    0.0318093
       4267.3779    0.0316117
       4268.2071    0.0314141
       4269.0320   -0.0800171
       4269.8612   -0.0802146
       4270.6890   -0.0804122
       4271.5182   -0.0806098
       4272.3470   -0.0808074
       4273.1762   -0.0810049
       4274.0049   -0.0812025
       4274.8342   -0.0814001
       4275.6629   -0.0815976
       4276.4921   -0.0817952
       4277.3199   -0.0819928
       4278.1491   -0.0821904
       4278.9779   -0.0823879
       4279.8071   -0.0825855
       4280.6358   -0.0827831
       4281.4651   -0.0829807
       4282.2938   -0.0831782
       4283.1230   -0.0833758
       4283.9522   -0.0835734
       4284.7800   -0.0837710
       4285.6088   -0.0839685
       4286.4380   -0.0841661
       4287.2672   -0.0843637
       4288.0960   -0.0845613
       4288.9252   -0.0847588
       4289.7539   -0.0849564
       4290.5831   -0.0851540
       4291.4119   -0.0853515
       4292.2401   -0.0855491
       4292.2449    0.0256845
       4293.0741    0.0254869
       4293.9029    0.0252893
       4294.7321    0.0250918
       4295.5561   -0.0863394
       4296.3848   -0.0865370
       4297.2140   -0.0867345
       4298.0428   -0.0869321
       4298.8710   -0.0871297
       4299.6998   -0.0873273
       4300.5290   -0.0875248
       4301.3582   -0.0877224
       4302.1870   -0.0879200
       4303.0162   -0.0881176
       4303.8449   -0.0883151
       4304.6741   -0.0885127
       4305.5029   -0.0887103
       4306.3312   -0.0889079
       4307.1599   -0.0891054
       4307.9891   -0.0893030
       4308.8179   -0.0895006
       4309.6471   -0.0896982
       4310.4758   -0.0898957
       4311.3050   -0.0900933
       4312.1338   -0.0902909
       4312.9630   -0.0904884
       4313.7908   -0.0906860
       4314.6200   -0.0908836
       4315.4492   -0.0910812
       4316.2780   -0.0912787
       4317.1072   -0.0914763
       4317.9359   -0.0916739
       4318.7652   -0.0918714
       4318.7690    0.0193622
       4319.5982    0.0191646
       4320.4269    0.0189670
       4321.2562    0.0187694
       4322.0849    0.0185719
       4322.9141    0.0183743
       4323.7429    0.0181767
       4324.5711    0.0179791
       4325.3999    0.0177816
       4326.2291    0.0175840
       4327.0578    0.0173864
       4327.8871    0.0171889
       4328.7158    0.0169913
       4329.5398   -0.0944399
       4329.5450    0.0167937
       4330.3738    0.0165961
       4331.2030    0.0163986
       4332.0308    0.0162010
       4332.8600    0.0160034
       4333.6892    0.0158058
       4334.5180    0.0156083
       4335.3472    0.0154107
       4336.1759    0.0152131
       4337.0051    0.0150155
       4337.8339    0.0148180
       4338.6631    0.0146204
       4339.4909    0.0144228
       4340.3201    0.0142253
       4341.1489    0.0140277
       4341.9781    0.0138301
       4342.8020   -0.0976011
       4343.6308   -0.0977986
       4344.4600   -0.0979962
       4345.2892   -0.0981938
       4346.1180   -0.0983914
       4346.1218    0.0128423
       4346.9510    0.0126447
       4347.7802    0.0124471
       4348.6090    0.0122495
       4349.4382    0.0120520
       4350.2669    0.0118544
       4351.0962    0.0116568
       4351.9249    0.0114592
       4352.7541    0.0112617
       4353.5819    0.0110641
       4354.4111    0.0108665
       4355.2399    0.0106689
       4356.0691    0.0104714
       4356.8978    0.0102738
       4357.7271    0.0100762
       4358.5558   0.00987865
       4359.3850   0.00968108
       4360.2142   0.00948351
       4361.0420   0.00928593
       4361.8708   0.00908836
       4362.7000   0.00889079
       4363.5292   0.00869321
       4364.3579   0.00849564
       4365.1872   0.00829807
       4366.0159   0.00810049
       4366.8451   0.00790292
       4367.6729   0.00770535
       4368.5021   0.00750777
       4369.3309   0.00731020
       4370.1601   0.00711263
       4370.9888   0.00691506
       4371.8181   0.00671748
       4372.6468   0.00651991
       4373.4760   0.00632234
       4374.3048   0.00612476
       4375.1330   0.00592719
       4375.9618   0.00572962
       4376.7910   0.00553204
       4377.6202   0.00533447
       4378.4490   0.00513690
       4379.2782   0.00493933
       4380.1069   0.00474175
       4380.9361   0.00454418
       4381.7649   0.00434661
       4382.5932   0.00414903
       4383.4219   0.00395146
       4384.2511   0.00375389
       4385.0799   0.00355631
       4385.9091   0.00335874
       4386.7378   0.00316117
       4387.5670   0.00296360
       4387.5670   0.00296360
